STATIONS_ID;MESS_DATUM;QN_3;  FX;  FM;QN_4; RSK;RSKF; SDK;SHK_TAG;  NM; VPM;  PM; TMK; UPM; TXK; TNK; TGK;eor
         73;20190516;-999;-999;-999;    3;   0.4;   4;    0.000;-999;  -999;   9.5;    -999;    8.2;   88.13;   11.5;    5.4;    4.4;eor
         73;20190517;-999;-999;-999;    3;   0.0;   0;   12.850;-999;  -999;  10.6;    -999;   13.7;   70.29;   21.1;    5.8;    4.1;eor
         73;20190518;-999;-999;-999;    3;   0.0;   0;   12.350;-999;  -999;  10.6;    -999;   15.5;   63.13;   22.5;    7.2;    4.3;eor
         73;20190519;-999;-999;-999;    3;   0.0;   0;   12.433;-999;  -999;  11.7;    -999;   15.9;   67.71;   24.9;    6.7;    4.3;eor
         73;20190520;-999;-999;-999;    3;  24.6;   4;    0.000;-999;  -999;  13.8;    -999;   12.9;   92.71;   15.2;   10.2;    8.9;eor
         73;20190521;-999;-999;-999;    3;  10.5;   4;    0.000;-999;  -999;  13.5;    -999;   12.3;   94.00;   13.7;   11.3;   11.2;eor
         73;20190522;-999;-999;-999;    3;   0.1;   4;    0.033;-999;  -999;  13.4;    -999;   12.3;   93.33;   14.3;   10.6;    9.2;eor
         73;20190523;-999;-999;-999;    3;   0.0;   0;   10.283;-999;  -999;  11.1;    -999;   13.0;   76.75;   19.6;    7.5;    5.3;eor
         73;20190524;-999;-999;-999;    3;   0.0;   0;   13.300;-999;  -999;  11.2;    -999;   14.2;   72.13;   23.4;    5.7;    4.1;eor
         73;20190525;-999;-999;-999;    3;   0.2;   4;    8.167;-999;  -999;  12.5;    -999;   15.8;   72.25;   23.2;    8.5;    6.9;eor
         73;20190526;-999;-999;-999;    3;   0.0;   0;    7.983;-999;  -999;  -999;    -999;   15.5;-999;   23.6;   10.8;    9.5;eor
         73;20190527;-999;-999;-999;    3;   6.2;   4;    5.800;-999;  -999;  14.2;    -999;   15.6;   81.46;   23.0;    9.0;    7.2;eor
         73;20190528;-999;-999;-999;    3;  14.7;   4;    0.000;-999;  -999;  14.6;    -999;   13.4;   95.04;   16.2;   10.4;    9.9;eor
         73;20190529;-999;-999;-999;    3;   2.0;   4;    1.300;-999;  -999;  12.4;    -999;   11.8;   90.08;   15.7;   10.1;    9.4;eor
         73;20190530;-999;-999;-999;    3;   0.0;   0;    9.783;-999;  -999;  11.3;    -999;   13.3;   76.29;   20.2;    8.6;    7.4;eor
         73;20190531;-999;-999;-999;    3;   0.5;   4;    2.050;-999;  -999;  13.5;    -999;   14.7;   81.75;   20.7;    8.6;    8.0;eor
         73;20190601;-999;-999;-999;    3;   0.0;   0;   10.683;-999;  -999;  15.6;    -999;   18.6;   75.38;   26.5;   11.7;   10.2;eor
         73;20190602;-999;-999;-999;    3;   0.0;   0;   13.433;-999;  -999;  15.7;    -999;   20.3;   69.54;   28.5;   11.4;    9.4;eor
         73;20190603;-999;-999;-999;    3;   0.0;   0;   13.383;-999;  -999;  14.9;    -999;   20.8;   64.92;   29.8;   11.8;    9.3;eor
         73;20190604;-999;-999;-999;    3;   0.0;   0;   13.233;-999;  -999;  16.1;    -999;   20.8;   68.79;   30.0;   12.2;   10.1;eor
         73;20190605;-999;-999;-999;    3;   0.0;   0;   13.200;-999;  -999;  16.6;    -999;   22.4;   64.00;   30.7;   12.4;   10.5;eor
         73;20190606;-999;-999;-999;    3;   4.1;   4;    9.017;-999;  -999;  16.0;    -999;   19.5;   71.67;   25.9;   12.3;   12.1;eor
         73;20190607;-999;-999;-999;    3;   0.0;   0;   12.967;-999;  -999;  16.4;    -999;   19.2;   74.83;   27.2;   10.2;    9.2;eor
         73;20190608;-999;-999;-999;    3;   0.0;   0;    7.100;-999;  -999;  11.6;    -999;   16.8;   61.92;   23.0;   11.1;    9.2;eor
         73;20190609;-999;-999;-999;    3;   0.0;   0;   11.967;-999;  -999;  14.5;    -999;   19.4;   67.33;   27.5;   10.0;    8.8;eor
         73;20190610;-999;-999;-999;    3;   9.1;   4;    4.733;-999;  -999;  18.2;    -999;   20.3;   78.50;   29.2;   14.1;   12.7;eor
         73;20190611;-999;-999;-999;    3;   0.0;   0;    6.317;-999;  -999;  19.5;    -999;   20.1;   83.33;   28.3;   14.8;   13.9;eor
         73;20190612;-999;-999;-999;    3;   0.0;   0;    9.450;-999;  -999;  17.9;    -999;   20.6;   76.33;   30.6;   13.9;   12.8;eor
         73;20190613;-999;-999;-999;    3;   0.0;   0;    9.617;-999;  -999;  16.4;    -999;   19.6;   72.42;   27.1;   14.5;   13.5;eor
         73;20190614;-999;-999;-999;    3;   0.0;   0;   12.050;-999;  -999;  17.4;    -999;   23.7;   62.58;   32.0;   13.9;   12.4;eor
         73;20190615;-999;-999;-999;    3;   3.1;   4;    7.217;-999;  -999;  18.5;    -999;   23.3;   65.21;   29.1;   16.7;   14.1;eor
         73;20190616;-999;-999;-999;    3;   0.0;   0;    3.917;-999;  -999;  17.4;    -999;   18.3;   83.54;   23.4;   13.2;   10.9;eor
         73;20190617;-999;-999;-999;    3;   0.0;   0;   10.483;-999;  -999;  15.7;    -999;   20.0;   70.92;   27.9;   11.7;    9.6;eor
         73;20190618;-999;-999;-999;    3;   0.0;   0;   13.217;-999;  -999;  16.6;    -999;   21.9;   67.04;   30.3;   13.4;   10.8;eor
         73;20190619;-999;-999;-999;    3;   1.0;   4;    9.733;-999;  -999;  17.2;    -999;   21.7;   68.96;   30.3;   13.6;   11.3;eor
         73;20190620;-999;-999;-999;    3;  13.5;   4;    7.167;-999;  -999;  17.2;    -999;   19.3;   78.54;   26.5;   13.5;   11.8;eor
         73;20190621;-999;-999;-999;    3;   0.0;   0;    7.000;-999;  -999;  17.8;    -999;   19.0;   82.71;   26.7;   13.0;   11.8;eor
         73;20190622;-999;-999;-999;    3;  -999;-999;    4.100;-999;  -999;  18.4;    -999;   20.5;   78.14;   27.4;   16.0;   15.5;eor
         73;20190623;-999;-999;-999;    3;  12.6;   4;    3.467;-999;  -999;  -999;    -999;   19.0;-999;   25.2;   16.0;   15.1;eor
         73;20190624;-999;-999;-999;    3;   0.0;   0;   13.050;-999;  -999;  18.2;    -999;   22.6;   69.92;   29.6;   14.6;   13.2;eor
         73;20190625;-999;-999;-999;    3;   0.0;   0;   13.233;-999;  -999;  20.1;    -999;   24.0;   70.42;   32.5;   14.4;   13.4;eor
         73;20190626;-999;-999;-999;    3;   0.0;   0;   13.217;-999;  -999;  22.9;    -999;   25.1;   74.50;   34.1;   15.9;   13.9;eor
         73;20190627;-999;-999;-999;    3;   0.0;   0;   12.867;-999;  -999;  22.8;    -999;   24.6;   74.96;   31.9;   14.5;   12.3;eor
         73;20190628;-999;-999;-999;    3;   0.0;   0;   13.250;-999;  -999;  15.1;    -999;   20.1;   66.96;   28.0;   11.9;   10.3;eor
         73;20190629;-999;-999;-999;    3;   0.0;   0;   13.267;-999;  -999;  14.8;    -999;   21.4;   62.92;   30.1;   12.1;   10.3;eor
         73;20190630;-999;-999;-999;    3;   0.0;   0;   13.217;-999;  -999;  18.6;    -999;   23.5;   67.54;   34.7;   11.7;    9.7;eor
         73;20190701;-999;-999;-999;    3;   5.6;   4;    7.683;-999;  -999;  20.5;    -999;   22.3;   78.50;   32.6;   15.9;   14.1;eor
         73;20190702;-999;-999;-999;    3;   0.1;   4;   10.100;-999;  -999;  17.6;    -999;   20.7;   74.50;   27.5;   13.2;   11.4;eor
         73;20190703;-999;-999;-999;    3;   0.0;   0;   13.133;-999;  -999;  13.6;    -999;   18.2;   67.96;   25.1;   11.2;    9.9;eor
         73;20190704;-999;-999;-999;    3;   0.0;   0;   13.283;-999;  -999;  12.5;    -999;   18.5;   63.58;   27.5;    9.8;    8.6;eor
         73;20190705;-999;-999;-999;    3;   0.0;   0;    8.150;-999;  -999;  13.6;    -999;   18.2;   68.71;   27.0;    9.9;    9.0;eor
         73;20190706;-999;-999;-999;    3;   0.0;   0;    9.533;-999;  -999;  14.8;    -999;   21.4;   62.92;   31.4;   10.6;    9.2;eor
         73;20190707;-999;-999;-999;    3;   5.3;   4;    2.833;-999;  -999;  16.7;    -999;   18.3;   79.54;   24.3;   14.4;   12.9;eor
         73;20190708;-999;-999;-999;    3;   0.0;   0;   10.933;-999;  -999;  12.9;    -999;   16.9;   70.13;   22.5;   10.9;   10.0;eor
         73;20190709;-999;-999;-999;    3;   0.0;   0;    8.050;-999;  -999;  10.7;    -999;   15.2;   64.79;   22.8;    8.2;    6.9;eor
         73;20190710;-999;-999;-999;    3;   0.0;   0;   12.417;-999;  -999;  10.2;    -999;   15.1;   64.04;   23.2;    6.7;    5.3;eor
         73;20190711;-999;-999;-999;    3;   2.4;   4;    2.850;-999;  -999;  12.3;    -999;   15.4;   73.38;   23.3;    7.3;    5.9;eor
         73;20190712;-999;-999;-999;    3;  10.6;   4;    6.867;-999;  -999;  16.5;    -999;   17.1;   85.75;   24.2;   14.2;   13.7;eor
         73;20190713;-999;-999;-999;    3;   4.6;   4;    1.517;-999;  -999;  16.1;    -999;   15.5;   92.21;   21.1;   13.2;   12.1;eor
         73;20190714;-999;-999;-999;    3;   8.8;   4;    2.417;-999;  -999;  16.0;    -999;   15.9;   89.13;   23.0;   11.8;   11.1;eor
         73;20190715;-999;-999;-999;    3;   0.0;   0;    8.583;-999;  -999;  14.7;    -999;   17.2;   77.79;   24.4;   11.0;   10.7;eor
         73;20190716;-999;-999;-999;    3;   0.0;   0;   12.850;-999;  -999;  13.8;    -999;   17.7;   71.92;   26.1;   10.0;    9.4;eor
         73;20190717;-999;-999;-999;    3;   0.0;   0;   11.700;-999;  -999;  14.4;    -999;   18.8;   69.96;   27.7;    9.9;    9.2;eor
         73;20190718;-999;-999;-999;    3;   0.0;   4;   12.933;-999;  -999;  14.1;    -999;   19.6;   66.83;   28.3;   10.5;    9.2;eor
         73;20190719;-999;-999;-999;    3;   0.0;   4;    5.533;-999;  -999;  15.7;    -999;   19.9;   71.25;   28.4;   12.3;   11.1;eor
         73;20190720;-999;-999;-999;    3;   0.0;   0;   12.183;-999;  -999;  17.0;    -999;   23.2;   64.33;   32.4;   13.7;   12.5;eor
         73;20190721;-999;-999;-999;    3;   6.6;   4;    3.883;-999;  -999;  19.7;    -999;   20.2;   83.58;   27.1;   16.4;   14.7;eor
         73;20190722;-999;-999;-999;    3;   0.0;   0;    9.300;-999;  -999;  18.2;    -999;   21.8;   74.00;   29.5;   14.9;   13.5;eor
         73;20190723;-999;-999;-999;    3;   0.0;   0;   13.483;-999;  -999;  17.7;    -999;   23.4;   66.63;   32.6;   14.4;   13.4;eor
         73;20190724;-999;-999;-999;    3;   0.0;   0;   13.500;-999;  -999;  17.2;    -999;   25.0;   61.17;   34.8;   15.3;   14.0;eor
         73;20190725;-999;-999;-999;    3;   0.0;   0;   13.517;-999;  -999;  18.9;    -999;   26.1;   61.71;   35.7;   16.2;   14.8;eor
         73;20190726;-999;-999;-999;    3;   0.0;   0;   12.667;-999;  -999;  17.4;    -999;   26.0;   57.96;   35.7;   16.2;   14.8;eor
         73;20190727;-999;-999;-999;    3;   2.9;   4;    2.400;-999;  -999;  19.7;    -999;   21.3;   77.88;   27.3;   17.4;   15.2;eor
         73;20190728;-999;-999;-999;    3;  13.5;   4;    4.167;-999;  -999;  19.7;    -999;   21.1;   79.92;   25.0;   16.9;   15.4;eor
         73;20190729;-999;-999;-999;    3;   0.0;   0;    0.117;-999;  -999;  20.4;    -999;   19.3;   90.88;   21.2;   18.2;   17.2;eor
         73;20190730;-999;-999;-999;    3;   0.0;   0;    6.317;-999;  -999;  19.8;    -999;   21.8;   77.58;   28.1;   16.7;   16.0;eor
         73;20190731;-999;-999;-999;    3;   1.6;   4;    0.850;-999;  -999;  18.4;    -999;   18.0;   89.63;   22.7;   14.6;   13.8;eor
         73;20190801;-999;-999;-999;    3;   0.0;   0;    8.650;-999;  -999;  16.6;    -999;   19.1;   78.50;   26.8;   13.7;   13.2;eor
         73;20190802;-999;-999;-999;    3;   1.9;   4;    6.617;-999;  -999;  15.0;    -999;   19.9;   68.88;   27.9;   13.5;   12.7;eor
         73;20190803;-999;-999;-999;    3;   3.1;   4;    4.933;-999;  -999;  16.7;    -999;   17.5;   85.58;   24.9;   14.5;   13.9;eor
         73;20190804;-999;-999;-999;    3;   0.0;   0;    9.850;-999;  -999;  15.7;    -999;   18.8;   76.17;   27.0;   13.5;   12.1;eor
         73;20190805;-999;-999;-999;    3;  17.1;   4;    7.083;-999;  -999;  17.2;    -999;   19.9;   76.50;   27.3;   13.1;   11.5;eor
         73;20190806;-999;-999;-999;    3;  13.0;   4;    7.350;-999;  -999;  19.4;    -999;   21.4;   78.71;   28.5;   16.9;   16.1;eor
         73;20190807;-999;-999;-999;    3;   3.7;   4;    3.583;-999;  -999;  19.2;    -999;   19.8;   84.00;   26.9;   15.7;   15.2;eor
         73;20190808;-999;-999;-999;    3;   0.0;   0;    8.933;-999;  -999;  17.6;    -999;   19.5;   79.71;   26.3;   14.3;   13.5;eor
         73;20190809;-999;-999;-999;    3;   0.1;   4;   12.617;-999;  -999;  17.3;    -999;   22.7;   66.21;   30.5;   12.5;   11.5;eor
         73;20190810;-999;-999;-999;    3;   3.6;   4;    0.867;-999;  -999;  20.8;    -999;   19.5;   91.50;   22.9;   16.1;   15.2;eor
         73;20190811;-999;-999;-999;    3;   0.8;   4;   11.817;-999;  -999;  19.2;    -999;   22.2;   74.88;   28.5;   16.2;   15.4;eor
         73;20190812;-999;-999;-999;    3;  14.6;   4;    0.067;-999;  -999;  18.1;    -999;   16.6;   95.00;   19.1;   14.9;   15.0;eor
         73;20190813;-999;-999;-999;    3;   4.8;   4;    2.000;-999;  -999;  16.3;    -999;   16.4;   88.00;   20.7;   13.4;   13.4;eor
         73;20190814;-999;-999;-999;    3;   0.0;   0;    8.983;-999;  -999;  13.8;    -999;   16.0;   77.96;   22.5;   10.3;    9.5;eor
         73;20190815;-999;-999;-999;    3;   3.4;   4;    7.750;-999;  -999;  14.5;    -999;   16.2;   79.83;   23.1;    8.9;    7.9;eor
         73;20190816;-999;-999;-999;    3;   0.0;   0;    8.433;-999;  -999;  14.8;    -999;   17.2;   77.58;   23.9;   10.9;    9.9;eor
         73;20190817;-999;-999;-999;    3;   0.0;   0;    3.583;-999;  -999;  15.7;    -999;   17.5;   79.21;   24.7;    9.7;    8.7;eor
         73;20190818;-999;-999;-999;    3;   2.5;   4;   10.933;-999;  -999;  18.2;    -999;   23.3;   66.92;   32.6;   14.8;   14.0;eor
         73;20190819;-999;-999;-999;    3;   0.4;   4;    4.017;-999;  -999;  19.1;    -999;   20.5;   80.13;   25.6;   16.6;   16.4;eor
         73;20190820;-999;-999;-999;    3;   8.7;   4;    0.517;-999;  -999;  19.5;    -999;   18.7;   90.75;   23.1;   14.1;   14.3;eor
         73;20190821;-999;-999;-999;    3;   0.0;   0;    2.900;-999;  -999;  15.5;    -999;   16.2;   84.83;   21.5;   13.0;   12.3;eor
         73;20190822;-999;-999;-999;    3;   0.0;   0;    9.133;-999;  -999;  15.9;    -999;   18.1;   77.96;   24.2;   12.1;   11.3;eor
         73;20190823;-999;-999;-999;    3;   0.0;   0;    9.117;-999;  -999;  17.9;    -999;   19.7;   79.08;   25.6;   14.3;   13.6;eor
         73;20190824;-999;-999;-999;    3;   0.0;   0;   11.583;-999;  -999;  19.1;    -999;   21.4;   77.13;   29.8;   14.0;   13.2;eor
         73;20190825;-999;-999;-999;    3;   0.0;   0;   11.183;-999;  -999;  19.4;    -999;   20.9;   79.92;   28.1;   14.8;   13.5;eor
         73;20190826;-999;-999;-999;    3;   0.0;   4;   11.900;-999;  -999;  19.8;    -999;   22.0;   76.83;   29.2;   15.3;   14.4;eor
         73;20190827;-999;-999;-999;    3;   0.0;   0;   10.250;-999;  -999;  19.5;    -999;   21.1;   79.54;   29.1;   15.3;   14.4;eor
         73;20190828;-999;-999;-999;    3;   0.0;   0;   11.100;-999;  -999;  19.3;    -999;   20.7;   80.46;   29.1;   14.3;   12.9;eor
         73;20190829;-999;-999;-999;    3;   0.3;   4;    0.483;-999;  -999;  20.4;    -999;   19.6;   89.33;   25.4;   14.6;   13.7;eor
         73;20190830;-999;-999;-999;    3;   0.0;   0;    8.700;-999;  -999;  20.2;    -999;   21.8;   79.00;   28.3;   16.6;   14.8;eor
         73;20190831;-999;-999;-999;    3;   0.0;   0;   12.300;-999;  -999;  18.6;    -999;   21.5;   75.50;   30.1;   14.3;   13.0;eor
         73;20190901;-999;-999;-999;    3;   0.9;   4;    7.783;-999;  -999;  18.0;    -999;   21.2;   73.42;   29.6;   14.1;   12.8;eor
         73;20190902;-999;-999;-999;    3;   0.3;   4;    0.417;-999;  -999;  16.2;    -999;   16.4;   86.96;   20.3;   12.3;   10.5;eor
         73;20190903;-999;-999;-999;    3;   0.0;   0;    9.450;-999;  -999;  11.8;    -999;   14.9;   74.46;   23.3;    8.6;    7.4;eor
         73;20190904;-999;-999;-999;    3;   0.0;   0;   12.450;-999;  -999;  11.8;    -999;   15.3;   71.67;   24.9;    7.4;    5.8;eor
         73;20190905;-999;-999;-999;    3;   3.7;   4;    2.567;-999;  -999;  13.6;    -999;   13.9;   85.92;   20.3;    7.8;    6.6;eor
         73;20190906;-999;-999;-999;    3;   5.1;   4;    0.083;-999;  -999;  13.4;    -999;   13.9;   85.38;   18.4;   11.3;   11.6;eor
         73;20190907;-999;-999;-999;    3;   2.9;   4;    0.367;-999;  -999;  14.1;    -999;   12.8;   94.92;   15.8;   11.1;   10.1;eor
         73;20190908;-999;-999;-999;    3;  11.0;   4;    0.017;-999;  -999;  13.6;    -999;   12.5;   94.04;   16.4;   10.5;    9.9;eor
         73;20190909;-999;-999;-999;    3;   0.1;   4;    0.200;-999;  -999;  12.3;    -999;   11.1;   92.50;   14.1;    7.5;    6.6;eor
         73;20190910;-999;-999;-999;    3;   0.0;   0;    7.517;-999;  -999;  11.9;    -999;   12.1;   85.83;   20.5;    7.3;    5.6;eor
         73;20190911;-999;-999;-999;    3;   0.0;   0;    5.233;-999;  -999;  12.8;    -999;   12.8;   87.50;   21.7;    7.7;    6.7;eor
         73;20190912;-999;-999;-999;    3;   0.0;   0;    3.850;-999;  -999;  13.9;    -999;   14.6;   85.00;   23.0;    8.0;    7.4;eor
         73;20190913;-999;-999;-999;    3;   0.0;   0;    8.717;-999;  -999;  16.0;    -999;   17.5;   81.42;   24.9;   10.7;    9.9;eor
         73;20190914;-999;-999;-999;    3;   0.0;   0;    6.883;-999;  -999;  16.4;    -999;   18.1;   80.42;   24.0;   13.5;   11.5;eor
         73;20190915;-999;-999;-999;    3;   0.0;   0;   11.950;-999;  -999;  15.0;    -999;   17.0;   79.29;   25.9;    9.6;    7.9;eor
         73;20190916;-999;-999;-999;    3;   0.2;   4;    4.583;-999;  -999;  15.6;    -999;   16.9;   82.25;   25.6;    9.9;    8.3;eor
         73;20190917;-999;-999;-999;    3;   0.0;   0;    1.217;-999;  -999;  14.4;    -999;   15.1;   83.38;   19.5;   10.3;    6.8;eor
         73;20190918;-999;-999;-999;    3;   0.0;   0;   11.867;-999;  -999;   8.4;    -999;   11.1;   66.63;   18.1;    3.8;    2.1;eor
         73;20190919;-999;-999;-999;    3;   0.0;   0;   10.233;-999;  -999;   7.7;    -999;    8.6;   73.33;   17.4;    1.9;    0.9;eor
         73;20190920;-999;-999;-999;    3;   0.0;   0;   11.200;-999;  -999;   7.6;    -999;    8.5;   73.08;   17.9;    0.8;   -0.1;eor
         73;20190921;-999;-999;-999;    3;   0.0;   0;   11.800;-999;  -999;   9.4;    -999;   12.1;   70.21;   23.2;    2.0;    0.5;eor
         73;20190922;-999;-999;-999;    3;   0.0;   0;    6.233;-999;  -999;  11.0;    -999;   13.0;   74.88;   19.2;    4.6;    2.4;eor
         73;20190923;-999;-999;-999;    3;   6.3;   4;    0.000;-999;  -999;  13.9;    -999;   12.3;   96.46;   15.0;    8.4;    7.4;eor
         73;20190924;-999;-999;-999;    3;   2.2;   4;    3.117;-999;  -999;  14.7;    -999;   14.4;   90.04;   19.8;   12.3;   11.5;eor
         73;20190925;-999;-999;-999;    3;   3.6;   4;    3.317;-999;  -999;  14.7;    -999;   14.3;   90.42;   20.0;   11.7;   11.7;eor
         73;20190926;-999;-999;-999;    3;   1.1;   4;    2.133;-999;  -999;  14.9;    -999;   14.6;   90.04;   18.9;   11.5;   11.4;eor
         73;20190927;-999;-999;-999;    3;   6.5;   4;    3.833;-999;  -999;  16.1;    -999;   16.2;   88.42;   22.2;   12.4;   11.5;eor
         73;20190928;-999;-999;-999;    3;   0.0;   0;    3.867;-999;  -999;  13.8;    -999;   13.6;   88.96;   18.7;    8.7;    8.0;eor
         73;20190929;-999;-999;-999;    3;   0.6;   4;    9.567;-999;  -999;  13.4;    -999;   15.1;   80.50;   22.7;    8.4;    7.4;eor
         73;20190930;-999;-999;-999;    3;   0.0;   0;    5.883;-999;  -999;  11.7;    -999;   14.9;   70.21;   18.8;    7.8;    6.4;eor
         73;20191001;-999;-999;-999;    3;   3.9;   4;    9.567;   0;  -999;  12.3;    -999;   14.2;   78.13;   24.0;    6.0;    4.8;eor
         73;20191002;-999;-999;-999;    3;   7.6;   4;    0.150;   0;  -999;  13.4;    -999;   12.4;   91.79;   16.6;    5.9;    4.6;eor
         73;20191003;-999;-999;-999;    3;   0.0;   0;    0.017;   0;  -999;   9.4;    -999;    7.7;   89.58;   10.5;    4.1;    3.0;eor
         73;20191004;-999;-999;-999;    3;  11.1;   4;    2.867;   0;  -999;   9.8;    -999;    8.3;   90.08;   13.2;    3.5;    2.7;eor
         73;20191005;-999;-999;-999;    3;   2.8;   4;    1.017;   0;  -999;  10.7;    -999;    9.9;   87.50;   13.5;    7.1;    6.0;eor
         73;20191006;-999;-999;-999;    3;   2.4;   4;    2.350;   0;  -999;   9.2;    -999;    9.0;   81.50;   12.6;    6.2;    5.3;eor
         73;20191007;-999;-999;-999;    3;   0.1;   4;    1.150;   0;  -999;   9.5;    -999;    8.2;   87.79;   11.7;    6.4;    6.4;eor
         73;20191008;-999;-999;-999;    3;   3.2;   4;    0.267;   0;  -999;  11.5;    -999;   10.5;   91.08;   15.1;    6.9;    6.6;eor
         73;20191009;-999;-999;-999;    3;  12.1;   4;    0.000;   0;  -999;  12.5;    -999;   10.8;   96.38;   12.5;    7.2;    5.5;eor
         73;20191010;-999;-999;-999;    3;   3.8;   4;    2.400;   0;  -999;  11.0;    -999;    9.9;   90.13;   14.0;    6.9;    5.6;eor
         73;20191011;-999;-999;-999;    3;   0.0;   0;    9.700;   0;  -999;  10.7;    -999;   10.4;   86.88;   18.4;    4.4;    3.2;eor
         73;20191012;-999;-999;-999;    3;   0.0;   0;    9.333;   0;  -999;  11.4;    -999;   11.2;   86.25;   20.6;    3.4;    2.2;eor
         73;20191013;-999;-999;-999;    3;   0.0;   0;   10.283;   0;  -999;  12.8;    -999;   14.0;   81.25;   23.0;    6.9;    5.6;eor
         73;20191014;-999;-999;-999;    3;   0.0;   0;    8.100;   0;  -999;  13.3;    -999;   13.5;   86.92;   21.9;    6.5;    5.6;eor
         73;20191015;-999;-999;-999;    3;   4.3;   4;    3.183;   0;  -999;  13.7;    -999;   12.3;   95.88;   17.7;    9.5;    8.4;eor
         73;20191016;-999;-999;-999;    3;   0.0;   0;    7.500;   0;  -999;  10.9;    -999;   11.5;   81.33;   16.9;    6.0;    4.1;eor
         73;20191017;-999;-999;-999;    3;   0.0;   0;    9.550;   0;  -999;  10.2;    -999;    9.8;   85.29;   19.1;    2.5;    1.7;eor
         73;20191018;-999;-999;-999;    3;   0.0;   0;    6.550;   0;  -999;  11.7;    -999;   11.7;   85.96;   19.8;    5.0;    3.9;eor
         73;20191019;-999;-999;-999;    3;   0.0;   0;    1.300;   0;  -999;  11.9;    -999;   10.7;   92.67;   15.8;    7.9;    6.5;eor
         73;20191020;-999;-999;-999;    3;   0.0;   0;    5.000;   0;  -999;  12.8;    -999;   12.1;   90.79;   18.1;    9.8;    9.0;eor
         73;20191021;-999;-999;-999;    3;   0.1;   4;    4.783;   0;  -999;  12.7;    -999;   12.1;   90.50;   18.8;    7.9;    6.7;eor
         73;20191022;-999;-999;-999;    3;   0.2;   4;    0.000;   0;  -999;  12.5;    -999;   10.2;  100.00;   11.7;    7.9;    7.8;eor
         73;20191023;-999;-999;-999;    3;   0.0;   0;    5.000;   0;  -999;  13.7;    -999;   12.7;   93.54;   19.3;    8.0;    6.5;eor
         73;20191024;-999;-999;-999;    3;   0.0;   0;    6.000;   0;  -999;  13.1;    -999;   11.9;   93.92;   17.1;    8.9;    8.3;eor
         73;20191025;-999;-999;-999;    3;   0.1;   4;    2.983;   0;  -999;  13.2;    -999;   12.2;   92.50;   17.1;    6.7;    6.8;eor
         73;20191026;-999;-999;-999;    3;   0.2;   4;-999;   0;  -999;  11.1;    -999;    8.7;   97.88;   15.8;    5.6;    5.6;eor
         73;20191027;-999;-999;-999;    3;   3.9;   4;-999;   0;  -999;  11.7;    -999;   11.0;   89.83;   20.0;    5.3;    5.7;eor
         73;20191028;-999;-999;-999;    3;   1.0;   4;-999;   0;  -999;  11.4;    -999;    9.3;   96.46;   12.2;    6.4;    5.7;eor
         73;20191029;-999;-999;-999;    3;   0.1;   4;-999;   0;  -999;   8.8;    -999;    7.2;   86.79;    9.1;    5.6;    5.3;eor
         73;20191030;-999;-999;-999;    3;   0.0;   0;    2.000;   0;  -999;   7.2;    -999;    6.0;   77.29;    9.9;    2.1;    0.4;eor
         73;20191031;-999;-999;-999;    3;   0.0;   0;    9.117;   0;  -999;   6.4;    -999;    3.4;   81.50;    8.5;   -1.4;   -3.2;eor
         73;20191101;-999;-999;-999;    3;   2.1;   4;    0.650;   0;  -999;   7.6;    -999;    4.6;   88.88;    6.5;    2.6;    2.9;eor
         73;20191102;-999;-999;-999;    3;  -999;-999;    0.200;   0;  -999;  -999;    -999;    8.5;-999;   14.5;    5.1;    4.1;eor
         73;20191103;-999;-999;-999;    3;   4.5;   4;    0.817;   0;  -999;  10.0;    -999;    7.8;   94.33;   10.9;    3.5;    2.5;eor
         73;20191104;-999;-999;-999;    3;   9.5;   4;    4.717;   0;  -999;  10.4;    -999;    9.9;   86.13;   14.8;    5.3;    3.5;eor
         73;20191105;-999;-999;-999;    3;   0.5;   4;    0.000;   0;  -999;   9.8;    -999;    7.6;   94.13;    9.2;    3.2;    1.7;eor
         73;20191106;-999;-999;-999;    3;   0.4;   4;    0.483;   0;  -999;   8.7;    -999;    5.4;   96.67;    8.6;    2.3;    1.8;eor
         73;20191107;-999;-999;-999;    3;   0.0;   4;    2.567;   0;  -999;   8.6;    -999;    5.1;   97.13;   10.2;    2.4;    0.9;eor
         73;20191108;-999;-999;-999;    3;   1.0;   4;    1.500;   0;  -999;   8.4;    -999;    5.2;   94.63;    9.2;    1.5;    0.8;eor
         73;20191109;-999;-999;-999;    3;   2.2;   4;    0.517;   0;  -999;   7.6;    -999;    4.1;   93.38;    6.7;    0.0;   -1.5;eor
         73;20191110;-999;-999;-999;    3;   0.0;   0;    1.217;   0;  -999;   6.7;    -999;    1.4;   98.13;    4.6;    0.0;   -1.5;eor
         73;20191111;-999;-999;-999;    3;   0.9;   4;    0.000;   0;  -999;   6.6;    -999;    1.7;   95.00;    2.6;    0.6;    1.0;eor
         73;20191112;-999;-999;-999;    3;  10.9;   4;    0.000;   0;  -999;   7.4;    -999;    3.0;   97.25;    5.5;    0.4;    0.0;eor
         73;20191113;-999;-999;-999;    3;   4.4;   4;    0.000;   0;  -999;   6.8;    -999;    1.8;   97.92;    3.5;    0.6;   -0.7;eor
         73;20191114;-999;-999;-999;    3;   0.0;   0;    6.067;   0;  -999;   6.7;    -999;    2.2;   93.17;    7.3;   -0.5;   -2.7;eor
         73;20191115;-999;-999;-999;    3;   0.0;   0;    0.067;   0;  -999;   8.5;    -999;    6.4;   87.21;   13.3;    1.2;   -0.4;eor
         73;20191116;-999;-999;-999;    3;   0.0;   0;    0.283;   0;  -999;   7.5;    -999;    3.4;   96.04;    5.4;   -0.7;   -2.6;eor
         73;20191117;-999;-999;-999;    3;   0.8;   4;    2.867;   0;  -999;   8.5;    -999;    5.4;   94.50;   10.7;    1.3;   -0.1;eor
         73;20191118;-999;-999;-999;    3;   0.0;   0;    4.950;   0;  -999;   7.6;    -999;    4.9;   88.25;    8.9;    0.8;   -1.4;eor
         73;20191119;-999;-999;-999;    3;   0.0;   0;    0.000;   0;  -999;   6.3;    -999;    0.4;   99.50;    2.7;   -1.2;   -2.9;eor
         73;20191120;-999;-999;-999;    3;   1.5;   4;    0.000;   0;  -999;   6.8;    -999;    1.6;   98.88;    2.8;   -0.8;   -1.2;eor
         73;20191121;-999;-999;-999;    3;   0.3;   4;    0.000;   0;  -999;   7.8;    -999;    3.7;   97.50;    4.9;    2.8;    2.9;eor
         73;20191122;-999;-999;-999;    3;   0.0;   0;    0.000;   0;  -999;   8.1;    -999;    4.2;   98.58;    5.8;    1.8;   -0.1;eor
         73;20191123;-999;-999;-999;    3;   0.0;   0;    6.983;   0;  -999;   8.2;    -999;    7.1;   81.92;   14.6;    0.9;   -1.6;eor
         73;20191124;-999;-999;-999;    3;   0.0;   0;    1.333;   0;  -999;   8.6;    -999;    6.8;   87.29;   10.8;    0.9;   -1.2;eor
         73;20191125;-999;-999;-999;    3;   0.2;   4;    0.000;   0;  -999;   7.6;    -999;    3.0;   99.92;    4.7;   -0.6;   -1.8;eor
         73;20191126;-999;-999;-999;    3;   0.0;   0;    0.000;   0;  -999;   8.0;    -999;    4.1;   97.79;    5.4;    3.0;    3.0;eor
         73;20191127;-999;-999;-999;    3;   0.0;   0;    0.000;   0;  -999;   8.0;    -999;    4.1;   98.00;    5.7;    1.7;   -0.6;eor
         73;20191128;-999;-999;-999;    3;   0.5;   4;    1.150;   0;  -999;   8.4;    -999;    5.9;   90.17;   11.8;    1.2;   -1.0;eor
         73;20191129;-999;-999;-999;    3;   1.5;   4;    0.833;   0;  -999;   8.3;    -999;    6.6;   84.50;   11.4;    1.0;   -1.8;eor
         73;20191130;-999;-999;-999;    3;   0.0;   0;    0.017;   0;  -999;   6.5;    -999;    1.9;   92.83;    5.4;   -2.0;   -5.6;eor
         73;20191201;-999;-999;-999;    3;   1.1;   4;    2.583;   0;  -999;   5.5;    -999;    0.5;   86.13;    4.3;   -3.0;   -6.4;eor
         73;20191202;-999;-999;-999;    3;   0.0;   0;    0.000;   0;  -999;   6.0;    -999;    1.1;   90.54;    2.6;    0.1;   -1.9;eor
         73;20191203;-999;-999;-999;    3;   0.0;   0;    0.383;   0;  -999;   5.6;    -999;    0.4;   89.42;    3.9;   -3.4;   -6.1;eor
         73;20191204;-999;-999;-999;    3;   0.0;   0;    8.000;   0;  -999;   5.0;    -999;   -0.5;   85.96;    4.5;   -4.4;   -7.0;eor
         73;20191205;-999;-999;-999;    3;   0.0;   0;    0.000;   0;  -999;   5.1;    -999;   -1.8;   94.46;   -1.0;   -2.5;   -4.0;eor
         73;20191206;-999;-999;-999;    3;   1.7;   4;    0.000;   0;  -999;   5.1;    -999;   -2.1;   97.67;   -1.2;   -3.1;   -2.8;eor
         73;20191207;-999;-999;-999;    3;   0.0;   4;    0.300;   0;  -999;   7.3;    -999;    2.8;   96.13;    8.3;   -3.3;   -2.9;eor
         73;20191208;-999;-999;-999;    3;   0.7;   4;    6.700;   0;  -999;   7.8;    -999;    5.5;   86.04;   10.5;    3.0;    0.6;eor
         73;20191209;-999;-999;-999;    3;   1.1;   4;    1.300;   0;  -999;   7.9;    -999;    5.5;   87.75;    9.2;    3.3;   -0.8;eor
         73;20191210;-999;-999;-999;    3;   0.0;   0;    0.617;   0;  -999;   6.5;    -999;    2.2;   90.21;    4.8;   -2.8;   -6.5;eor
         73;20191211;-999;-999;-999;    3;   0.0;   0;    4.517;   0;  -999;   5.1;    -999;   -1.2;   90.71;    2.7;   -4.0;   -7.0;eor
         73;20191212;-999;-999;-999;    3;   0.8;   4;    0.000;   0;  -999;   6.2;    -999;    0.6;   96.79;    2.2;   -0.9;   -1.0;eor
         73;20191213;-999;-999;-999;    3;   1.1;   4;    0.600;   0;  -999;   6.2;    -999;    1.5;   91.00;    5.1;   -0.3;   -1.1;eor
         73;20191214;-999;-999;-999;    3;   2.9;   4;    1.517;   0;  -999;   6.6;    -999;    4.7;   77.38;    9.4;    0.4;   -2.8;eor
         73;20191215;-999;-999;-999;    3;   0.1;   4;    1.250;   0;  -999;   8.3;    -999;    5.7;   90.17;    8.8;    0.5;   -1.8;eor
         73;20191216;-999;-999;-999;    3;   0.0;   0;    3.900;   0;  -999;   7.8;    -999;    4.9;   90.38;    7.9;    2.5;   -0.2;eor
         73;20191217;-999;-999;-999;    3;   0.0;   0;    1.167;   0;  -999;   7.1;    -999;    3.4;   90.83;    6.5;    1.3;    0.1;eor
         73;20191218;-999;-999;-999;    3;   0.0;   0;    4.983;   0;  -999;   7.4;    -999;    4.0;   90.83;   12.3;   -0.7;   -2.3;eor
         73;20191219;-999;-999;-999;    3;   0.0;   0;    0.933;   0;  -999;   8.1;    -999;    4.5;   96.17;    7.3;   -0.7;   -2.5;eor
         73;20191220;-999;-999;-999;    3;   3.3;   4;    5.450;   0;  -999;   8.8;    -999;    9.3;   75.54;   14.6;    2.7;   -0.9;eor
         73;20191221;-999;-999;-999;    3;   3.8;   4;    0.000;   0;  -999;   8.8;    -999;    5.4;   98.75;    8.4;    2.6;    0.9;eor
         73;20191222;-999;-999;-999;    3;   2.2;   4;    0.000;   0;  -999;   8.0;    -999;    4.0;   98.71;    6.0;    2.6;    2.5;eor
         73;20191223;-999;-999;-999;    3;   0.9;   4;    0.000;   0;  -999;   8.1;    -999;    5.8;   87.71;    6.9;    4.7;    3.1;eor
         73;20191224;-999;-999;-999;    3;   4.4;   4;    3.750;   0;  -999;   7.9;    -999;    5.6;   86.38;    8.7;    3.6;    0.3;eor
         73;20191225;-999;-999;-999;    3;   4.2;   4;    0.000;   0;  -999;   8.3;    -999;    5.7;   91.08;    7.4;    3.9;    2.5;eor
         73;20191226;-999;-999;-999;    3;   0.1;   4;    1.417;   0;  -999;   7.0;    -999;    3.0;   92.38;    7.0;    0.0;   -1.7;eor
         73;20191227;-999;-999;-999;    3;   0.0;   0;    0.617;   0;  -999;   6.6;    -999;    2.3;   91.83;    6.0;   -1.0;   -2.9;eor
         73;20191228;-999;-999;-999;    3;   0.0;   0;    2.817;   0;  -999;   4.9;    -999;   -0.3;   82.46;    4.2;   -4.7;   -7.2;eor
         73;20191229;-999;-999;-999;    3;   0.0;   0;    7.850;   0;  -999;   4.0;    -999;   -3.6;   86.08;    1.6;   -6.7;   -9.0;eor
         73;20191230;-999;-999;-999;    3;   0.0;   0;    2.250;   0;  -999;   4.5;    -999;   -2.5;   87.75;    1.9;   -6.8;   -8.3;eor
         73;20191231;-999;-999;-999;    3;   0.0;   0;    5.183;   0;  -999;   5.3;    -999;   -0.4;   89.21;    5.4;   -4.3;   -6.3;eor
         73;20200101;-999;-999;-999;    3;   0.0;   0;    6.567;   0;  -999;   4.7;    -999;   -2.4;   91.54;    4.1;   -7.3;   -8.5;eor
         73;20200102;-999;-999;-999;    3;   0.0;   0;    7.533;   0;  -999;   4.8;    -999;   -2.1;   91.75;    3.5;   -6.5;   -8.8;eor
         73;20200103;-999;-999;-999;    3;   2.5;   4;    0.000;   0;  -999;   5.4;    -999;   -1.5;   98.42;    2.6;   -2.8;   -2.6;eor
         73;20200104;-999;-999;-999;    3;   0.7;   4;    0.000;   0;  -999;   7.1;    -999;    3.8;   88.54;    5.2;    2.5;    1.8;eor
         73;20200105;-999;-999;-999;    3;   0.0;   0;    2.933;   0;  -999;   5.7;    -999;    1.5;   83.67;    5.4;   -2.0;   -4.6;eor
         73;20200106;-999;-999;-999;    3;   0.0;   0;    6.850;   0;  -999;   5.2;    -999;   -1.2;   93.54;    4.4;   -4.1;   -5.6;eor
         73;20200107;-999;-999;-999;    3;   0.3;   4;    0.333;   0;  -999;   5.1;    -999;   -2.3;   98.92;    0.4;   -5.2;   -6.9;eor
         73;20200108;-999;-999;-999;    3;   0.6;   4;    0.000;   0;  -999;   6.7;    -999;    1.2;   99.33;    2.4;    0.2;    0.0;eor
         73;20200109;-999;-999;-999;    3;   0.0;   0;    3.333;   0;  -999;   7.1;    -999;    3.2;   92.13;    8.8;   -0.1;   -2.9;eor
         73;20200110;-999;-999;-999;    3;   0.0;   0;    4.283;   0;  -999;   6.8;    -999;    2.9;   89.92;    7.9;   -1.8;   -4.7;eor
         73;20200111;-999;-999;-999;    3;   0.0;   0;    3.083;   0;  -999;   6.6;    -999;    3.3;   85.42;    7.4;   -2.7;   -6.2;eor
         73;20200112;-999;-999;-999;    3;   0.0;   0;    7.517;   0;  -999;   5.3;    -999;   -0.9;   92.38;    4.3;   -4.7;   -7.7;eor
         73;20200113;-999;-999;-999;    3;   0.0;   0;    0.000;   0;  -999;   6.4;    -999;    0.9;   97.92;    2.7;   -0.3;   -2.3;eor
         73;20200114;-999;-999;-999;    3;   0.0;   0;    0.750;   0;  -999;   5.6;    -999;   -0.7;   96.67;    1.2;   -1.5;   -1.8;eor
         73;20200115;-999;-999;-999;    3;   0.0;   0;    0.000;   0;  -999;   5.2;    -999;   -1.6;   95.17;   -0.6;   -2.5;   -3.2;eor
         73;20200116;-999;-999;-999;    3;   0.0;   0;    4.833;   0;  -999;   5.9;    -999;    1.4;   87.96;    8.5;   -2.5;   -4.7;eor
         73;20200117;-999;-999;-999;    3;   2.8;   4;    7.950;   0;  -999;   5.8;    -999;    0.4;   92.04;    6.3;   -3.6;   -6.2;eor
         73;20200118;-999;-999;-999;    3;   1.7;   4;    0.000;   0;  -999;   6.9;    -999;    1.8;   98.42;    4.9;   -0.3;   -1.7;eor
         73;20200119;-999;-999;-999;    3;   0.0;   0;    0.750;   0;  -999;   6.1;    -999;    0.9;   94.04;    4.6;   -0.9;   -4.4;eor
         73;20200120;-999;-999;-999;    3;   0.0;   0;    2.850;   0;  -999;   5.6;    -999;   -0.4;   93.75;    3.1;   -3.3;   -6.1;eor
         73;20200121;-999;-999;-999;    3;   0.0;   0;    0.600;   0;  -999;   4.9;    -999;   -1.5;   90.42;    1.2;   -4.9;   -7.6;eor
         73;20200122;-999;-999;-999;    3;   0.0;   0;    0.000;   0;  -999;   4.9;    -999;   -2.1;   92.63;   -1.5;   -2.6;   -2.4;eor
         73;20200123;-999;-999;-999;    3;   0.0;   0;    5.767;   0;  -999;   5.0;    -999;   -1.1;   89.92;    4.3;   -4.2;   -7.4;eor
         73;20200124;-999;-999;-999;    3;   0.0;   0;    0.083;   0;  -999;   5.0;    -999;   -2.0;   94.08;    1.3;   -5.2;   -7.8;eor
         73;20200125;-999;-999;-999;    3;   0.0;   0;    1.433;   0;  -999;  -999;    -999;   -2.0;-999;    2.1;   -5.3;   -7.1;eor
         73;20200126;-999;-999;-999;    3;   0.0;   0;    0.000;   0;  -999;  -999;    -999;    0.5;-999;    3.2;   -2.0;   -4.3;eor
         73;20200127;-999;-999;-999;    3;   0.4;   4;    3.817;   0;  -999;   6.5;    -999;    1.1;   97.21;    5.3;   -2.0;   -4.3;eor
         73;20200128;-999;-999;-999;    3;   6.8;   4;    0.067;   0;  -999;   6.6;    -999;    2.1;   93.04;    6.5;    0.4;   -1.8;eor
         73;20200129;-999;-999;-999;    3;   2.0;   4;    0.000;   2;  -999;   6.1;    -999;    1.3;   91.54;    3.0;    0.1;   -1.1;eor
         73;20200130;-999;-999;-999;    3;   3.0;   4;    3.483;   0;  -999;   6.8;    -999;    2.7;   91.79;    8.9;   -0.1;   -2.5;eor
         73;20200131;-999;-999;-999;    3;   0.0;   0;    0.050;   0;  -999;  10.6;    -999;    9.4;   88.88;   13.3;    2.6;    2.4;eor
         73;20200201;-999;-999;-999;    3;   4.0;   4;    5.950;   0;  -999;  10.3;    -999;   10.8;   79.92;   15.6;    7.7;    5.9;eor
         73;20200202;-999;-999;-999;    3;  13.5;   4;    0.933;   0;  -999;  10.2;    -999;    8.4;   91.54;   12.2;    2.5;   -0.4;eor
         73;20200203;-999;-999;-999;    3;  -999;-999;    0.000;   0;  -999;   9.2;    -999;    6.8;   92.71;    8.9;    5.3;    5.0;eor
         73;20200204;-999;-999;-999;    3;  -999;-999;    1.783;   0;  -999;   7.2;    -999;    4.5;   85.04;   11.7;    1.9;   -0.4;eor
         73;20200205;-999;-999;-999;    3;   0.0;   0;    3.250;   0;  -999;   5.5;    -999;    2.1;   78.13;    5.7;   -2.2;   -5.2;eor
         73;20200206;-999;-999;-999;    3;   0.0;   0;    9.100;   0;  -999;   4.8;    -999;   -0.5;   83.00;    6.1;   -4.1;   -6.9;eor
         73;20200207;-999;-999;-999;    3;   0.0;   0;    8.467;   0;  -999;   4.8;    -999;   -0.2;   80.71;    5.3;   -4.7;   -7.2;eor
         73;20200208;-999;-999;-999;    3;   0.0;   0;    5.250;   0;  -999;   5.3;    -999;    0.2;   85.38;    5.6;   -3.8;   -6.7;eor
         73;20200209;-999;-999;-999;    3;   0.1;   4;    8.233;   0;  -999;   5.7;    -999;    2.1;   80.75;    9.1;   -3.4;   -6.3;eor
         73;20200210;-999;-999;-999;    3;  14.0;   4;    4.800;   0;  -999;   7.1;    -999;    7.5;   68.04;   15.3;    2.9;   -1.6;eor
         73;20200211;-999;-999;-999;    3;   1.4;   4;    3.733;   0;  -999;   5.9;    -999;    4.4;   70.92;    7.3;    1.2;    0.0;eor
         73;20200212;-999;-999;-999;    3;  10.1;   4;    2.317;   0;  -999;   5.8;    -999;    2.3;   80.54;    6.5;    0.1;   -3.4;eor
         73;20200213;-999;-999;-999;    3;   0.9;   4;    4.967;   0;  -999;   6.3;    -999;    2.7;   85.50;    6.5;   -0.3;   -2.2;eor
         73;20200214;-999;-999;-999;    3;   0.6;   4;    0.600;   0;  -999;   7.6;    -999;    5.8;   82.54;    8.6;    4.1;    3.1;eor
         73;20200215;-999;-999;-999;    3;   0.0;   0;    8.000;   0;  -999;   7.2;    -999;    4.6;   84.67;   10.3;    0.1;   -2.8;eor
         73;20200216;-999;-999;-999;    3;   0.0;   0;    3.850;   0;  -999;   6.7;    -999;    5.2;   77.00;   10.9;    0.0;   -2.5;eor
         73;20200217;-999;-999;-999;    3;   2.7;   4;    4.233;   0;  -999;   8.3;    -999;    7.4;   80.46;   14.0;    2.4;   -0.1;eor
         73;20200218;-999;-999;-999;    3;   0.0;   0;    1.650;   0;  -999;   6.7;    -999;    5.7;   73.67;    9.1;    1.3;   -2.4;eor
         73;20200219;-999;-999;-999;    3;   1.5;   4;    0.550;   0;  -999;   6.0;    -999;    3.7;   76.21;    7.2;    1.2;   -0.5;eor
         73;20200220;-999;-999;-999;    3;   0.3;   4;    0.533;   0;  -999;   6.0;    -999;    2.7;   81.75;    6.8;   -1.1;   -3.8;eor
         73;20200221;-999;-999;-999;    3;   0.0;   0;    6.050;   0;  -999;   5.6;    -999;    4.1;   69.21;    8.9;   -0.1;   -3.0;eor
         73;20200222;-999;-999;-999;    3;   5.4;   4;    7.883;   0;  -999;   6.1;    -999;    5.9;   68.13;   13.8;   -1.2;   -3.9;eor
         73;20200223;-999;-999;-999;    3;  10.3;   4;    0.000;   0;  -999;   9.0;    -999;   10.0;   74.04;   14.7;    6.2;    5.2;eor
         73;20200224;-999;-999;-999;    3;   0.1;   4;    0.000;   0;  -999;   7.9;    -999;    5.3;   88.13;    9.7;    4.3;    3.8;eor
         73;20200225;-999;-999;-999;    3;   1.8;   4;    0.517;   0;  -999;   8.2;    -999;    6.0;   87.79;   10.2;    2.7;    1.7;eor
         73;20200226;-999;-999;-999;    3;   0.3;   4;    1.717;   0;  -999;   6.1;    -999;    3.8;   76.17;    7.6;    1.8;    1.3;eor
         73;20200227;-999;-999;-999;    3;   4.8;   4;    2.233;   0;  -999;   5.5;    -999;    3.1;   73.00;    6.9;    0.1;    0.0;eor
         73;20200228;-999;-999;-999;    3;   2.0;   4;    1.650;   0;  -999;   5.6;    -999;    1.6;   82.71;    5.3;   -1.4;   -3.9;eor
         73;20200229;-999;-999;-999;    3;   0.0;   0;    2.950;   1;  -999;   6.3;    -999;    3.8;   78.79;    8.8;   -0.6;   -1.4;eor
         73;20200301;-999;-999;-999;    3;   2.4;   4;    5.533;   0;  -999;   7.5;    -999;    7.9;   71.13;   13.2;    3.4;    2.1;eor
         73;20200302;-999;-999;-999;    3;   5.5;   4;    6.133;   0;  -999;   6.6;    -999;    6.8;   68.38;   10.2;    0.6;   -2.0;eor
         73;20200303;-999;-999;-999;    3;   2.7;   4;    0.000;   0;  -999;   7.3;    -999;    4.1;   88.21;    7.2;    0.8;   -1.1;eor
         73;20200304;-999;-999;-999;    3;   0.1;   4;    2.317;   0;  -999;   6.1;    -999;    2.6;   84.58;    8.0;   -1.4;   -3.6;eor
         73;20200305;-999;-999;-999;    3;   4.2;   4;    5.267;   0;  -999;   6.1;    -999;    4.0;   76.71;    8.9;   -1.8;   -4.0;eor
         73;20200306;-999;-999;-999;    3;   1.9;   4;    1.250;   0;  -999;   7.4;    -999;    6.2;   79.38;    9.6;    3.6;    1.7;eor
         73;20200307;-999;-999;-999;    3;   0.3;   4;    1.550;   0;  -999;   6.7;    -999;    3.9;   82.92;    6.6;    0.7;   -1.9;eor
         73;20200308;-999;-999;-999;    3;   0.0;   0;    8.167;   0;  -999;   6.1;    -999;    4.2;   75.38;   10.2;   -1.2;   -3.9;eor
         73;20200309;-999;-999;-999;    3;   3.1;   4;    0.267;   0;  -999;   7.1;    -999;    3.7;   89.17;    7.8;    1.0;   -1.7;eor
         73;20200310;-999;-999;-999;    3;  14.8;   4;    0.617;   0;  -999;   7.5;    -999;    4.0;   91.25;    9.1;   -0.5;   -2.6;eor
         73;20200311;-999;-999;-999;    3;   0.0;   0;    0.400;   0;  -999;  10.5;    -999;   11.4;   78.29;   14.5;    7.2;    3.0;eor
         73;20200312;-999;-999;-999;    3;   0.7;   4;    8.750;   0;  -999;  10.0;    -999;   11.6;   74.58;   18.3;    4.7;    1.9;eor
         73;20200313;-999;-999;-999;    3;   0.3;   4;    5.733;   0;  -999;   6.9;    -999;    7.1;   68.67;   11.7;    1.1;   -3.1;eor
         73;20200314;-999;-999;-999;    3;   0.0;   0;    7.100;   0;  -999;   5.6;    -999;    4.6;   68.63;   12.5;   -1.8;   -4.8;eor
         73;20200315;-999;-999;-999;    3;   0.0;   0;   11.283;   0;  -999;   4.4;    -999;    5.2;   51.79;   12.4;   -1.2;   -4.4;eor
         73;20200316;-999;-999;-999;    3;   0.0;   0;   11.383;   0;  -999;   5.1;    -999;    7.6;   50.21;   17.3;   -0.8;   -3.2;eor
         73;20200317;-999;-999;-999;    3;   1.5;   4;    0.500;   0;  -999;   8.4;    -999;    6.9;   83.96;   11.4;    1.5;   -1.7;eor
         73;20200318;-999;-999;-999;    3;   0.0;   0;    8.733;   0;  -999;   8.3;    -999;    7.9;   80.96;   18.0;    1.8;   -0.8;eor
         73;20200319;-999;-999;-999;    3;   0.0;   0;   11.450;   0;  -999;   8.1;    -999;    8.9;   74.63;   19.6;    0.3;   -2.2;eor
         73;20200320;-999;-999;-999;    3;   7.0;   4;   11.267;   0;  -999;   8.7;    -999;   10.2;   72.50;   19.2;    1.4;   -1.4;eor
         73;20200321;-999;-999;-999;    3;   7.8;   4;    0.000;   0;  -999;   7.2;    -999;    4.3;   85.13;    8.9;    1.5;    0.0;eor
         73;20200322;-999;-999;-999;    3;   0.0;   0;    8.633;   0;  -999;   3.5;    -999;    1.1;   52.88;    4.6;   -2.3;   -5.5;eor
         73;20200323;-999;-999;-999;    3;   0.0;   0;   11.900;   0;  -999;   2.9;    -999;    0.0;   48.58;    5.5;   -5.3;   -9.7;eor
         73;20200324;-999;-999;-999;    3;   0.0;   0;   11.800;   0;  -999;   3.0;    -999;    1.2;   45.25;    6.7;   -4.3;   -8.1;eor
         73;20200325;-999;-999;-999;    3;   0.0;   0;   11.183;   0;  -999;   3.2;    -999;    1.9;   46.79;    6.7;   -2.0;   -5.2;eor
         73;20200326;-999;-999;-999;    3;   0.0;   0;    5.283;   0;  -999;   4.5;    -999;    4.5;   54.29;    9.8;   -1.2;   -3.3;eor
         73;20200327;-999;-999;-999;    3;   0.0;   0;   11.067;   0;  -999;   5.9;    -999;   10.8;   45.88;   16.6;    3.8;   -2.2;eor
         73;20200328;-999;-999;-999;    3;   0.0;   0;   11.117;   0;  -999;   6.2;    -999;    8.6;   59.04;   18.2;   -1.3;   -4.6;eor
         73;20200329;-999;-999;-999;    3;   0.0;   0;    7.667;   0;  -999;   5.7;    -999;    6.9;   59.79;   13.6;    0.3;   -3.0;eor
         73;20200330;-999;-999;-999;    3;   0.0;   0;    7.817;   0;  -999;   3.7;    -999;    2.6;   51.38;    7.7;   -3.9;   -7.6;eor
         73;20200331;-999;-999;-999;    3;   0.0;   0;    6.483;   0;  -999;   4.0;    -999;    0.4;   65.50;    6.7;   -5.6;   -8.7;eor
         73;20200401;-999;-999;-999;    3;   0.0;   0;   12.267;   0;  -999;   3.8;    -999;    1.0;   62.50;    8.9;   -6.2;   -9.5;eor
         73;20200402;-999;-999;-999;    3;   0.0;   0;   12.300;   0;  -999;   4.0;    -999;    3.2;   58.13;   13.5;   -6.3;   -9.6;eor
         73;20200403;-999;-999;-999;    3;   0.0;   0;    7.933;   0;  -999;   5.4;    -999;    5.7;   61.67;   14.9;   -3.6;   -6.8;eor
         73;20200404;-999;-999;-999;    3;   0.0;   0;   10.283;   0;  -999;   6.1;    -999;    8.3;   59.25;   15.5;    1.4;   -2.0;eor
         73;20200405;-999;-999;-999;    3;   0.0;   0;   12.517;   0;  -999;   5.3;    -999;   10.9;   44.96;   19.5;    0.9;   -3.5;eor
         73;20200406;-999;-999;-999;    3;   0.0;   0;   12.583;   0;  -999;   6.1;    -999;   12.3;   46.58;   22.4;    2.7;   -2.9;eor
         73;20200407;-999;-999;-999;    3;   0.0;   0;   12.400;   0;  -999;   6.6;    -999;   12.5;   51.63;   22.2;    1.0;   -2.6;eor
         73;20200408;-999;-999;-999;    3;   0.0;   0;   12.750;   0;  -999;   5.7;    -999;   11.9;   47.46;   22.5;    2.0;   -2.0;eor
         73;20200409;-999;-999;-999;    3;   0.0;   0;   11.550;   0;  -999;   6.7;    -999;   11.1;   56.33;   23.3;    0.9;   -2.2;eor
         73;20200410;-999;-999;-999;    3;   0.0;   0;    9.417;   0;  -999;   8.1;    -999;   12.7;   58.71;   23.0;    4.7;    1.1;eor
         73;20200411;-999;-999;-999;    3;   0.0;   0;   12.900;   0;  -999;   7.5;    -999;   11.6;   60.29;   21.9;    2.3;   -1.0;eor
         73;20200412;-999;-999;-999;    3;   0.0;   0;   11.950;   0;  -999;   7.9;    -999;   12.3;   60.04;   23.2;    1.6;   -1.3;eor
         73;20200413;-999;-999;-999;    3;   0.0;   0;    9.650;   0;  -999;   7.9;    -999;   11.7;   60.50;   23.7;    3.5;   -1.6;eor
         73;20200414;-999;-999;-999;    3;   0.0;   0;    5.933;   0;  -999;   4.3;    -999;    4.2;   54.25;   10.5;   -2.6;   -5.5;eor
         73;20200415;-999;-999;-999;    3;   0.0;   0;   12.917;   0;  -999;   4.5;    -999;    6.0;   54.13;   16.3;   -4.4;   -6.9;eor
         73;20200416;-999;-999;-999;    3;   0.0;   0;   12.700;   0;  -999;   6.3;    -999;   10.9;   54.25;   23.4;   -0.6;   -3.1;eor
         73;20200417;-999;-999;-999;    3;   0.0;   4;   11.933;   0;  -999;   8.0;    -999;   13.7;   56.58;   25.3;    2.7;   -0.2;eor
         73;20200418;-999;-999;-999;    3;   1.4;   4;    4.350;   0;  -999;  11.4;    -999;   14.7;   70.67;   23.5;    9.4;    7.5;eor
         73;20200419;-999;-999;-999;    3;   0.0;   0;    5.667;   0;  -999;  11.0;    -999;   13.2;   73.00;   20.2;    8.4;    5.9;eor
         73;20200420;-999;-999;-999;    3;   0.0;   0;   13.217;   0;  -999;   5.4;    -999;   12.4;   38.17;   18.3;    6.7;    4.3;eor
         73;20200421;-999;-999;-999;    3;   0.0;   0;   13.400;   0;  -999;   5.0;    -999;   13.6;   32.88;   20.3;    8.2;    6.1;eor
         73;20200422;-999;-999;-999;    3;   0.0;   0;   13.450;   0;  -999;   5.3;    -999;   14.3;   33.92;   22.2;    5.9;    0.2;eor
         73;20200423;-999;-999;-999;    3;   0.0;   0;   13.433;   0;  -999;   6.0;    -999;   13.4;   42.58;   22.2;    4.3;    0.2;eor
         73;20200424;-999;-999;-999;    3;   0.0;   0;   10.150;   0;  -999;   7.2;    -999;   12.6;   53.75;   23.1;    1.4;   -1.3;eor
         73;20200425;-999;-999;-999;    3;   0.0;   0;   13.483;   0;  -999;   6.5;    -999;   12.4;   50.63;   21.0;    4.1;    1.2;eor
         73;20200426;-999;-999;-999;    3;   0.0;   0;   13.550;   0;  -999;   6.2;    -999;   10.8;   53.00;   20.4;    1.4;   -1.3;eor
         73;20200427;-999;-999;-999;    3;   0.0;   0;    7.300;   0;  -999;   8.4;    -999;   11.6;   63.42;   20.5;    2.5;    0.1;eor
         73;20200428;-999;-999;-999;    3;  10.9;   4;   10.900;   0;  -999;  10.3;    -999;   14.9;   66.25;   24.4;    4.6;    1.9;eor
         73;20200429;-999;-999;-999;    3;   8.4;   4;    0.617;   0;  -999;  12.7;    -999;   11.6;   92.67;   15.0;    8.3;    5.9;eor
         73;20200430;-999;-999;-999;    3;   6.0;   4;    6.033;   0;  -999;  11.0;    -999;   12.6;   78.33;   20.2;    5.7;    4.2;eor
         73;20200501;-999;-999;-999;    3;   3.8;   4;    6.000;-999;  -999;  11.0;    -999;   11.7;   81.88;   17.9;    6.9;    5.2;eor
         73;20200502;-999;-999;-999;    3;  11.0;   4;    4.317;-999;  -999;   9.9;    -999;    9.7;   83.33;   15.6;    5.9;    3.9;eor
         73;20200503;-999;-999;-999;    3;   0.0;   4;    7.183;-999;  -999;   9.2;    -999;    9.7;   78.75;   15.9;    5.1;    2.6;eor
         73;20200504;-999;-999;-999;    3;   0.3;   4;    3.633;-999;  -999;  10.7;    -999;   12.0;   77.29;   17.5;    5.3;    3.9;eor
         73;20200505;-999;-999;-999;    3;   0.0;   0;    9.017;-999;  -999;   8.9;    -999;   11.5;   66.96;   16.9;    4.7;    2.5;eor
         73;20200506;-999;-999;-999;    3;   0.0;   0;   12.250;-999;  -999;   6.9;    -999;    9.0;   62.46;   15.8;    1.5;   -0.3;eor
         73;20200507;-999;-999;-999;    3;   0.0;   0;   13.550;-999;  -999;   7.9;    -999;   11.5;   63.75;   21.1;    1.8;    0.6;eor
         73;20200508;-999;-999;-999;    3;   0.0;   0;   12.333;-999;  -999;   9.8;    -999;   15.1;   62.25;   24.9;    5.1;    3.6;eor
         73;20200509;-999;-999;-999;    3;   0.1;   4;    8.650;-999;  -999;  12.9;    -999;   18.2;   64.46;   26.9;    9.3;    7.3;eor
         73;20200510;-999;-999;-999;    3;   3.9;   4;    4.367;-999;  -999;  15.2;    -999;   15.9;   84.17;   21.0;   11.8;   10.0;eor
         73;20200511;-999;-999;-999;    3;  10.8;   4;    0.650;-999;  -999;  13.4;    -999;   12.4;   90.79;   18.7;    4.5;    4.9;eor
         73;20200512;-999;-999;-999;    3;   2.3;   4;    7.867;-999;  -999;   7.2;    -999;    7.2;   73.25;   13.0;    3.5;    2.2;eor
         73;20200513;-999;-999;-999;    3;  11.7;   4;    0.367;-999;  -999;   9.7;    -999;    7.9;   91.13;   10.4;    4.1;    4.2;eor
         73;20200514;-999;-999;-999;    3;   8.3;   4;    0.350;-999;  -999;  10.7;    -999;   10.4;   85.38;   14.5;    7.8;    7.7;eor
         73;20200515;-999;-999;-999;    3;   5.0;   4;    0.200;-999;  -999;   9.9;    -999;    9.1;   85.83;   12.9;    6.6;    5.0;eor
         73;20200516;-999;-999;-999;    3;   0.0;   0;   10.933;-999;  -999;  10.0;    -999;   11.8;   76.04;   18.9;    5.4;    4.7;eor
         73;20200517;-999;-999;-999;    3;   0.0;   0;   11.483;-999;  -999;  10.2;    -999;   13.4;   70.17;   21.8;    5.3;    3.9;eor
         73;20200518;-999;-999;-999;    3;   0.0;   0;   13.700;-999;  -999;  10.6;    -999;   14.9;   67.08;   23.9;    5.3;    4.0;eor
         73;20200519;-999;-999;-999;    3;   0.0;   0;   13.617;-999;  -999;  11.8;    -999;   17.7;   62.42;   26.0;    7.6;    6.0;eor
         73;20200520;-999;-999;-999;    3;   0.0;   0;    2.400;-999;  -999;  12.3;    -999;   15.8;   70.21;   21.0;    9.9;    7.9;eor
         73;20200521;-999;-999;-999;    3;   0.0;   0;   10.567;-999;  -999;  11.4;    -999;   16.4;   65.00;   23.8;   10.3;    7.7;eor
         73;20200522;-999;-999;-999;    3;   0.0;   4;    7.967;-999;  -999;  12.5;    -999;   17.3;   63.79;   23.6;    9.7;    6.8;eor
         73;20200523;-999;-999;-999;    3;   6.4;   4;    1.100;-999;  -999;  14.9;    -999;   15.4;   84.88;   23.6;    9.5;    8.6;eor
         73;20200524;-999;-999;-999;    3;   0.7;   4;    5.617;-999;  -999;  10.4;    -999;   13.2;   69.96;   18.5;    9.4;    9.0;eor
         73;20200525;-999;-999;-999;    3;   5.2;   4;    3.817;-999;  -999;  11.9;    -999;   12.7;   81.71;   18.7;    9.7;    8.5;eor
         73;20200526;-999;-999;-999;    3;   1.3;   4;    5.033;-999;  -999;  10.8;    -999;   12.3;   76.33;   18.8;    6.7;    4.9;eor
         73;20200527;-999;-999;-999;    3;   0.1;   4;   12.200;-999;  -999;  10.0;    -999;   13.3;   69.29;   21.4;    4.6;    3.0;eor
         73;20200528;-999;-999;-999;    3;   6.3;   4;    3.467;-999;  -999;  11.3;    -999;   12.1;   80.58;   18.9;    8.1;    7.0;eor
         73;20200529;-999;-999;-999;    3;   2.6;   4;    1.183;-999;  -999;  11.0;    -999;   10.9;   84.75;   16.5;    6.2;    4.5;eor
         73;20200530;-999;-999;-999;    3;   0.0;   0;    2.800;-999;  -999;   9.9;    -999;   10.8;   78.00;   16.8;    4.9;    4.4;eor
         73;20200531;-999;-999;-999;    3;   1.5;   4;    1.767;-999;  -999;  10.4;    -999;   10.5;   83.29;   16.0;    4.4;    3.1;eor
         73;20200601;-999;-999;-999;    3;   0.0;   4;   10.417;-999;  -999;  11.8;    -999;   15.2;   72.50;   23.9;    7.0;    6.5;eor
         73;20200602;-999;-999;-999;    3;   0.0;   0;   12.250;-999;  -999;  11.8;    -999;   16.6;   66.42;   25.4;    7.6;    6.2;eor
         73;20200603;-999;-999;-999;    3;   0.2;   4;   12.817;-999;  -999;  12.4;    -999;   18.6;   61.54;   26.8;    9.3;    8.1;eor
         73;20200604;-999;-999;-999;    3;   3.1;   4;    3.467;-999;  -999;  14.4;    -999;   16.8;   76.00;   21.5;   11.8;    9.9;eor
         73;20200605;-999;-999;-999;    3;   1.7;   4;    2.900;-999;  -999;  12.8;    -999;   14.1;   79.96;   18.8;   11.8;    9.6;eor
         73;20200606;-999;-999;-999;    3;  18.0;   4;    1.783;-999;  -999;  14.1;    -999;   15.7;   79.71;   21.8;   11.1;    9.2;eor
         73;20200607;-999;-999;-999;    3;   7.5;   4;    2.100;-999;  -999;  13.8;    -999;   12.9;   92.58;   18.2;    9.3;    9.3;eor
         73;20200608;-999;-999;-999;    3;   4.0;   4;    0.150;-999;  -999;  12.6;    -999;   12.3;   88.08;   15.1;    8.5;    7.8;eor
         73;20200609;-999;-999;-999;    3;  13.5;   4;    0.000;-999;  -999;  14.7;    -999;   13.4;   95.75;   14.6;   12.2;   12.0;eor
         73;20200610;-999;-999;-999;    3;   0.2;   4;    0.067;-999;  -999;  14.9;    -999;   14.1;   92.54;   17.6;   11.1;   10.0;eor
         73;20200611;-999;-999;-999;    3;   0.1;   4;    6.433;-999;  -999;  14.5;    -999;   16.3;   80.75;   24.0;   11.2;    9.8;eor
         73;20200612;-999;-999;-999;    3;   0.0;   0;   13.183;-999;  -999;  14.4;    -999;   19.8;   67.50;   28.0;    9.8;    8.4;eor
         73;20200613;-999;-999;-999;    3;   8.7;   4;   13.183;-999;  -999;  16.9;    -999;   21.0;   71.08;   29.5;   12.1;   10.6;eor
         73;20200614;-999;-999;-999;    3;   3.8;   4;    0.000;-999;  -999;  16.8;    -999;   16.0;   92.50;   18.1;   14.2;   14.0;eor
         73;20200615;-999;-999;-999;    3;   4.4;   4;    0.000;-999;  -999;  16.6;    -999;   15.1;   96.71;   16.6;   13.7;   13.6;eor
         73;20200616;-999;-999;-999;    3;   0.6;   4;    0.750;-999;  -999;  17.0;    -999;   17.0;   88.00;   20.3;   14.4;   14.1;eor
         73;20200617;-999;-999;-999;    3;   4.0;   4;    8.083;-999;  -999;  16.8;    -999;   18.8;   79.71;   25.6;   13.8;   12.9;eor
         73;20200618;-999;-999;-999;    3;   2.0;   4;    5.333;-999;  -999;  15.5;    -999;   15.7;   87.25;   20.5;   11.2;    9.9;eor
         73;20200619;-999;-999;-999;    3;   2.5;   4;    4.067;-999;  -999;  15.0;    -999;   14.6;   90.25;   20.0;    9.7;    8.8;eor
         73;20200620;-999;-999;-999;    3;   6.5;   4;    2.033;-999;  -999;  15.8;    -999;   15.1;   92.25;   20.2;   13.2;   12.9;eor
         73;20200621;-999;-999;-999;    3;   0.0;   0;    2.583;-999;  -999;  15.7;    -999;   16.9;   82.25;   23.4;   12.7;   11.0;eor
         73;20200622;-999;-999;-999;    3;   2.3;   4;    6.833;-999;  -999;  16.8;    -999;   17.7;   83.83;   24.9;   10.7;    9.4;eor
         73;20200623;-999;-999;-999;    3;   0.0;   0;   11.583;-999;  -999;  15.3;    -999;   18.8;   73.79;   25.7;   11.8;   11.0;eor
         73;20200624;-999;-999;-999;    3;   1.3;   4;    9.167;-999;  -999;  13.1;    -999;   17.4;   69.92;   25.7;   10.1;    9.3;eor
         73;20200625;-999;-999;-999;    3;   0.1;   4;    9.617;-999;  -999;  13.9;    -999;   16.2;   77.71;   25.3;    9.6;    8.5;eor
         73;20200626;-999;-999;-999;    3;   0.7;   4;   11.117;-999;  -999;  15.6;    -999;   18.7;   75.29;   27.0;   10.8;    9.6;eor
         73;20200627;-999;-999;-999;    3;   0.0;   0;   11.283;-999;  -999;  19.3;    -999;   22.3;   73.54;   30.4;   15.3;   14.5;eor
         73;20200628;-999;-999;-999;    3;  13.5;   4;   11.667;-999;  -999;  19.1;    -999;   22.2;   73.54;   30.3;   15.2;   13.7;eor
         73;20200629;-999;-999;-999;    3;   8.5;   4;    3.950;-999;  -999;  17.4;    -999;   17.3;   88.75;   22.0;   14.1;   13.2;eor
         73;20200630;-999;-999;-999;    3;   0.0;   0;   11.317;-999;  -999;  16.0;    -999;   18.6;   76.46;   26.3;   12.6;   11.8;eor
         73;20200701;-999;-999;-999;    3;   0.0;   0;   11.433;-999;  -999;  17.6;    -999;   21.2;   72.38;   30.8;   12.1;   11.2;eor
         73;20200702;-999;-999;-999;    3;  14.6;   4;    3.983;-999;  -999;  18.7;    -999;   18.8;   86.29;   26.1;   14.7;   13.8;eor
         73;20200703;-999;-999;-999;    3;   0.0;   0;    8.883;-999;  -999;  15.8;    -999;   18.0;   78.58;   23.6;   12.5;   11.6;eor
         73;20200704;-999;-999;-999;    3;   0.0;   0;   12.200;-999;  -999;  15.0;    -999;   18.4;   73.50;   25.6;   11.0;   10.3;eor
         73;20200705;-999;-999;-999;    3;   0.0;   0;    6.300;-999;  -999;  18.0;    -999;   20.3;   77.08;   27.6;   12.8;   12.0;eor
         73;20200706;-999;-999;-999;    3;   0.1;   4;    7.250;-999;  -999;  15.2;    -999;   18.1;   72.88;   24.0;    9.9;    8.1;eor
         73;20200707;-999;-999;-999;    3;   0.0;   0;   11.817;-999;  -999;  11.1;    -999;   14.7;   69.42;   21.8;    7.8;    6.7;eor
         73;20200708;-999;-999;-999;    3;   0.0;   0;    8.850;-999;  -999;  13.1;    -999;   16.0;   75.00;   25.4;    8.3;    7.5;eor
         73;20200709;-999;-999;-999;    3;   0.0;   0;   11.000;-999;  -999;  -999;    -999;   20.0;-999;   28.1;   13.0;   10.5;eor
         73;20200710;-999;-999;-999;    3;  21.9;   4;   12.000;-999;  -999;  18.8;    -999;   22.6;   72.75;   31.3;   14.3;   12.8;eor
         73;20200711;-999;-999;-999;    3;  15.4;   4;    1.600;-999;  -999;  16.8;    -999;   16.0;   92.42;   18.9;   11.3;   10.4;eor
         73;20200712;-999;-999;-999;    3;   0.0;   4;    8.183;-999;  -999;  12.9;    -999;   15.9;   75.04;   22.5;   10.1;    9.2;eor
         73;20200713;-999;-999;-999;    3;   0.0;   0;   12.700;-999;  -999;  11.9;    -999;   16.7;   66.63;   23.9;    8.5;    7.6;eor
         73;20200714;-999;-999;-999;    3;   0.0;   0;   12.933;-999;  -999;  13.0;    -999;   16.8;   70.79;   24.5;    8.9;    8.0;eor
         73;20200715;-999;-999;-999;    3;   0.0;   0;    3.700;-999;  -999;  14.8;    -999;   16.2;   81.29;   23.0;    9.8;    8.5;eor
         73;20200716;-999;-999;-999;    3;  15.7;   4;    0.000;-999;  -999;  15.6;    -999;   14.6;   93.54;   16.8;   13.2;   12.3;eor
         73;20200717;-999;-999;-999;    3;   0.1;   4;    3.467;-999;  -999;  14.5;    -999;   16.0;   80.92;   21.9;   12.5;   12.2;eor
         73;20200718;-999;-999;-999;    3;   3.2;   4;    1.350;-999;  -999;  15.4;    -999;   15.5;   87.58;   17.7;   11.8;   10.9;eor
         73;20200719;-999;-999;-999;    3;   0.0;   4;    7.000;-999;  -999;  17.1;    -999;   18.5;   81.67;   26.2;   12.0;   11.3;eor
         73;20200720;-999;-999;-999;    3;   0.0;   0;   12.033;-999;  -999;  18.3;    -999;   20.8;   77.08;   29.0;   13.8;   12.7;eor
         73;20200721;-999;-999;-999;    3;   0.0;   0;   11.267;-999;  -999;  17.9;    -999;   20.8;   74.88;   28.5;   13.6;   12.6;eor
         73;20200722;-999;-999;-999;    3;   0.0;   0;   12.867;-999;  -999;  15.1;    -999;   19.4;   70.63;   27.0;   12.6;   11.5;eor
         73;20200723;-999;-999;-999;    3;   0.0;   0;   10.100;-999;  -999;  14.7;    -999;   18.9;   71.50;   28.0;   11.2;   10.3;eor
         73;20200724;-999;-999;-999;    3;   1.7;   4;    7.600;-999;  -999;  16.5;    -999;   18.9;   78.13;   27.0;   13.1;   12.5;eor
         73;20200725;-999;-999;-999;    3;   0.1;   4;    7.667;-999;  -999;  16.6;    -999;   18.9;   78.29;   26.4;   12.7;   12.2;eor
         73;20200726;-999;-999;-999;    3;  10.3;   4;    2.983;-999;  -999;  17.3;    -999;   17.0;   89.21;   23.5;   12.2;   11.3;eor
         73;20200727;-999;-999;-999;    3;   0.0;   4;    8.433;-999;  -999;  16.8;    -999;   19.3;   78.13;   27.7;   13.3;   12.6;eor
         73;20200728;-999;-999;-999;    3;   0.0;   4;    9.183;-999;  -999;  19.1;    -999;   23.0;   69.79;   31.7;   15.1;   13.4;eor
         73;20200729;-999;-999;-999;    3;   0.0;   0;   13.267;-999;  -999;  16.0;    -999;   20.8;   67.71;   27.5;   13.3;   12.5;eor
         73;20200730;-999;-999;-999;    3;   0.0;   0;   13.433;-999;  -999;  16.9;    -999;   20.8;   71.71;   29.9;   11.6;   10.8;eor
         73;20200731;-999;-999;-999;    3;   0.0;   0;   13.483;-999;  -999;  16.6;    -999;   22.0;   68.04;   31.5;   13.6;   12.5;eor
         73;20200801;-999;-999;-999;    3;   0.0;   0;   12.917;-999;  -999;  17.7;    -999;   23.1;   66.67;   33.2;   13.1;   12.0;eor
         73;20200802;-999;-999;-999;    3;   7.1;   4;    0.283;-999;  -999;  20.4;    -999;   20.3;   85.67;   23.3;   17.3;   15.8;eor
         73;20200803;-999;-999;-999;    3;  24.7;   4;    0.183;-999;  -999;  18.5;    -999;   17.8;   90.79;   21.0;   15.0;   15.1;eor
         73;20200804;-999;-999;-999;    3;   9.4;   4;    0.000;-999;  -999;  15.1;    -999;   14.2;   93.21;   16.2;   11.5;   10.6;eor
         73;20200805;-999;-999;-999;    3;   0.0;   0;    8.100;-999;  -999;  14.7;    -999;   16.6;   79.79;   23.3;   11.6;   10.6;eor
         73;20200806;-999;-999;-999;    3;   0.0;   0;   13.417;-999;  -999;  16.5;    -999;   19.4;   75.88;   27.5;   11.2;   10.5;eor
         73;20200807;-999;-999;-999;    3;   0.0;   0;   13.317;-999;  -999;  17.5;    -999;   21.5;   72.08;   29.6;   14.1;   13.1;eor
         73;20200808;-999;-999;-999;    3;   0.0;   0;   13.383;-999;  -999;  18.2;    -999;   22.1;   72.21;   31.7;   13.3;   12.2;eor
         73;20200809;-999;-999;-999;    3;   0.0;   0;   13.500;-999;  -999;  18.6;    -999;   21.8;   74.75;   31.7;   14.2;   13.4;eor
         73;20200810;-999;-999;-999;    3;   0.0;   0;   13.500;-999;  -999;  -999;    -999;   24.0;-999;   32.2;   17.5;   15.5;eor
         73;20200811;-999;-999;-999;    3;   0.0;   0;   11.983;-999;  -999;  20.1;    -999;   22.7;   74.83;   30.6;   15.9;   14.8;eor
         73;20200812;-999;-999;-999;    3;   0.0;   0;   13.417;-999;  -999;  19.3;    -999;   22.7;   73.50;   31.0;   15.4;   14.1;eor
         73;20200813;-999;-999;-999;    3;   0.3;   4;    9.033;-999;  -999;  -999;    -999;   22.0;-999;   30.6;   16.5;   15.0;eor
         73;20200814;-999;-999;-999;    3;   3.3;   4;    5.333;-999;  -999;  19.8;    -999;   20.8;   82.08;   27.7;   15.4;   14.2;eor
         73;20200815;-999;-999;-999;    3;   0.6;   4;    0.617;-999;  -999;  21.3;    -999;   19.9;   91.54;   23.0;   16.7;   15.6;eor
         73;20200816;-999;-999;-999;    3;   0.0;   0;    9.617;-999;  -999;  19.9;    -999;   21.5;   80.08;   28.4;   16.5;   14.9;eor
         73;20200817;-999;-999;-999;    3;   1.7;   4;    6.600;-999;  -999;  18.5;    -999;   19.6;   82.21;   25.7;   13.9;   12.7;eor
         73;20200818;-999;-999;-999;    3;  17.1;   4;    6.317;-999;  -999;  18.6;    -999;   18.2;   89.75;   24.1;   14.6;   13.9;eor
         73;20200819;-999;-999;-999;    3;   0.0;   0;   12.350;-999;  -999;  16.6;    -999;   18.6;   79.67;   25.6;   14.1;   13.1;eor
         73;20200820;-999;-999;-999;    3;   0.0;   0;   13.167;-999;  -999;  16.9;    -999;   20.3;   73.63;   29.1;   12.1;   11.1;eor
         73;20200821;-999;-999;-999;    3;   0.0;   0;   13.283;-999;  -999;  19.5;    -999;   23.2;   70.88;   32.6;   15.6;   14.1;eor
         73;20200822;-999;-999;-999;    3;   5.4;   4;    3.817;-999;  -999;  20.0;    -999;   20.2;   86.21;   27.5;   17.0;   16.1;eor
         73;20200823;-999;-999;-999;    3;   0.4;   4;    4.550;-999;  -999;  18.2;    -999;   18.4;   86.92;   24.9;   13.3;   13.0;eor
         73;20200824;-999;-999;-999;    3;   0.0;   0;    8.433;-999;  -999;  14.2;    -999;   16.4;   78.38;   23.2;   10.8;   10.5;eor
         73;20200825;-999;-999;-999;    3;   0.0;   0;   11.067;-999;  -999;  14.1;    -999;   17.1;   74.83;   25.3;    9.8;    9.3;eor
         73;20200826;-999;-999;-999;    3;   0.0;   0;   12.450;-999;  -999;  13.5;    -999;   21.0;   57.33;   28.1;   13.7;   11.1;eor
         73;20200827;-999;-999;-999;    3;   0.0;   0;    9.033;-999;  -999;  12.8;    -999;   16.3;   71.17;   24.3;   10.4;    9.3;eor
         73;20200828;-999;-999;-999;    3;  11.0;   4;    8.867;-999;  -999;  15.5;    -999;   18.2;   76.38;   27.3;   10.8;    9.5;eor
         73;20200829;-999;-999;-999;    3;  11.1;   4;    0.000;-999;  -999;  16.7;    -999;   15.3;   95.67;   16.6;   14.6;   14.8;eor
         73;20200830;-999;-999;-999;    3;   4.8;   4;    0.567;-999;  -999;  16.4;    -999;   15.7;   91.79;   20.1;   12.6;   12.8;eor
         73;20200831;-999;-999;-999;    3;   3.1;   4;    1.367;-999;  -999;  13.7;    -999;   14.6;   83.17;   18.9;   11.3;   11.0;eor
         73;20200901;-999;-999;-999;    3;   2.2;   4;    2.567;-999;  -999;  14.4;    -999;   14.3;   88.92;   20.0;   10.8;   10.4;eor
         73;20200902;-999;-999;-999;    3;   0.7;   4;    5.833;-999;  -999;  12.7;    -999;   13.5;   83.88;   19.6;    8.6;    8.0;eor
         73;20200903;-999;-999;-999;    3;   0.0;   0;    9.050;-999;  -999;  12.7;    -999;   14.5;   79.79;   22.4;    7.4;    6.9;eor
         73;20200904;-999;-999;-999;    1;   0.0;   0;   10.450;-999;  -999;  16.1;    -999;   18.9;   76.13;   27.4;   13.8;   12.6;eor
         73;20200905;-999;-999;-999;    1;  11.4;   4;    8.167;-999;  -999;  17.7;    -999;   19.2;   81.17;   28.1;   11.9;   10.6;eor
         73;20200906;-999;-999;-999;    1;   0.0;   4;    4.150;-999;  -999;  16.1;    -999;   16.8;   85.29;   21.7;   13.7;   13.3;eor
         73;20200907;-999;-999;-999;    1;   0.1;   4;    3.817;-999;  -999;  14.0;    -999;   14.7;   84.58;   20.1;    9.9;    9.2;eor
         73;20200908;-999;-999;-999;    1;   0.0;   4;   10.633;-999;  -999;  12.6;    -999;   14.5;   79.58;   23.7;    8.3;    8.3;eor
         73;20200909;-999;-999;-999;    1;   0.0;   0;   12.033;-999;  -999;  14.0;    -999;   15.8;   80.17;   26.0;    7.3;    6.8;eor
         73;20200910;-999;-999;-999;    1;   0.0;   0;    3.783;-999;  -999;  15.2;    -999;   15.3;   87.92;   24.3;    9.2;    8.3;eor
         73;20200911;-999;-999;-999;    1;   0.0;   0;    9.467;-999;  -999;  16.1;    -999;   17.1;   84.00;   25.3;   10.7;   10.1;eor
         73;20200912;-999;-999;-999;    1;   0.0;   0;   10.317;-999;  -999;  17.0;    -999;   18.2;   83.08;   26.8;   11.9;   11.6;eor
         73;20200913;-999;-999;-999;    1;   0.0;   0;   10.483;-999;  -999;  16.2;    -999;   18.3;   79.92;   28.2;   11.6;   10.9;eor
         73;20200914;-999;-999;-999;    1;   0.0;   0;   11.933;-999;  -999;  16.3;    -999;   19.0;   77.21;   29.6;   10.8;    9.7;eor
         73;20200915;-999;-999;-999;    1;   0.0;   0;   11.850;-999;  -999;  16.6;    -999;   18.8;   79.13;   28.6;   10.4;    8.6;eor
         73;20200916;-999;-999;-999;    1;   2.2;   4;    9.067;-999;  -999;  18.2;    -999;   18.9;   84.75;   28.5;   11.3;   10.1;eor
         73;20200917;-999;-999;-999;    1;   0.0;   4;    2.817;-999;  -999;  16.7;    -999;   17.5;   83.42;   22.4;   11.5;    9.3;eor
         73;20200918;-999;-999;-999;    1;   0.0;   0;   11.633;-999;  -999;  10.2;    -999;   14.0;   66.71;   21.2;    7.1;    5.2;eor
         73;20200919;-999;-999;-999;    1;   0.0;   0;   11.483;-999;  -999;  11.0;    -999;   12.7;   76.88;   22.2;    4.7;    3.3;eor
         73;20200920;-999;-999;-999;    1;   0.0;   0;   11.617;-999;  -999;  12.3;    -999;   13.8;   80.04;   23.7;    5.3;    4.0;eor
         73;20200921;-999;-999;-999;    1;   0.0;   0;   10.900;-999;  -999;  13.1;    -999;   14.7;   80.79;   24.4;    7.2;    6.3;eor
         73;20200922;-999;-999;-999;    1;   0.0;   0;    9.583;-999;  -999;  15.1;    -999;   16.3;   82.83;   25.4;    9.0;    8.1;eor
         73;20200923;-999;-999;-999;    1;  11.9;   4;    0.000;-999;  -999;  16.0;    -999;   14.4;   96.71;   17.6;   10.2;    9.2;eor
         73;20200924;-999;-999;-999;    1;   6.8;   4;    3.483;-999;  -999;  16.0;    -999;   15.5;   91.00;   21.3;   12.3;   11.8;eor
         73;20200925;-999;-999;-999;    1;  17.6;   4;    0.000;-999;  -999;  12.5;    -999;   10.7;   94.83;   15.1;    6.3;    6.3;eor
         73;20200926;-999;-999;-999;    1;  13.6;   4;    0.000;-999;  -999;   9.8;    -999;    7.5;   94.25;    8.8;    6.2;    5.0;eor
         73;20200927;-999;-999;-999;    1;   0.0;   0;   10.417;-999;  -999;   9.1;    -999;    9.0;   81.21;   16.7;    4.2;    3.0;eor
         73;20200928;-999;-999;-999;    1;   2.3;   4;    0.000;-999;  -999;  10.2;    -999;    7.9;   95.13;   11.3;    3.2;    2.6;eor
         73;20200929;-999;-999;-999;    1;   0.3;   4;    6.150;-999;  -999;  11.7;    -999;   11.7;   86.04;   17.8;    8.1;    7.7;eor
         73;20200930;-999;-999;-999;    1;   0.1;   4;    3.550;-999;  -999;  12.0;    -999;   11.8;   87.67;   17.6;    6.0;    4.9;eor
         73;20201001;-999;-999;-999;    1;   0.0;   4;    7.550;   0;  -999;  11.2;    -999;   10.9;   86.96;   19.7;    4.8;    5.0;eor
         73;20201002;-999;-999;-999;    1;   0.0;   0;    5.617;   0;  -999;  12.9;    -999;   14.9;   77.13;   21.2;    9.8;    8.4;eor
         73;20201003;-999;-999;-999;    1;   0.0;   0;    1.067;   0;  -999;  12.2;    -999;   13.4;   79.33;   18.6;    6.8;    5.3;eor
         73;20201004;-999;-999;-999;    1;   0.0;   0;    7.650;   0;  -999;  10.2;    -999;   10.7;   82.04;   18.5;    5.3;    3.8;eor
         73;20201005;-999;-999;-999;    1;   0.7;   4;    1.300;   0;  -999;  11.2;    -999;   10.9;   86.33;   15.9;    8.4;    7.6;eor
         73;20201006;-999;-999;-999;    1;   6.6;   4;    2.567;   0;  -999;  11.5;    -999;   12.0;   82.63;   17.4;    9.6;    7.7;eor
         73;20201007;-999;-999;-999;    1;   2.0;   4;    1.183;   0;  -999;  11.7;    -999;   10.9;   89.79;   14.8;    8.7;    7.3;eor
         73;20201008;-999;-999;-999;    1;   0.0;   4;    6.933;   0;  -999;  11.7;    -999;   12.6;   81.38;   18.0;    8.2;    7.3;eor
         73;20201009;-999;-999;-999;    1;   0.0;   0;    6.000;   0;  -999;  12.9;    -999;   13.5;   84.46;   19.7;    9.1;    7.6;eor
         73;20201010;-999;-999;-999;    1;   4.2;   4;    0.000;   0;  -999;  12.1;    -999;   10.3;   96.29;   13.0;    7.7;    6.7;eor
         73;20201011;-999;-999;-999;    1;   3.4;   4;    0.000;   0;  -999;   9.9;    -999;    8.2;   91.21;    9.9;    5.9;    5.7;eor
         73;20201012;-999;-999;-999;    1;   0.5;   4;    1.050;   0;  -999;   9.3;    -999;    7.4;   90.54;   11.1;    5.8;    5.4;eor
         73;20201013;-999;-999;-999;    1;   2.7;   4;    1.283;   0;  -999;   8.8;    -999;    7.5;   85.83;   11.7;    6.0;    5.5;eor
         73;20201014;-999;-999;-999;    1;   2.6;   4;    0.000;   0;  -999;   9.4;    -999;    6.7;   95.08;    8.0;    5.8;    5.0;eor
         73;20201015;-999;-999;-999;    1;   2.7;   4;    0.183;   0;  -999;   9.9;    -999;    8.1;   91.67;   10.9;    6.2;    5.5;eor
         73;20201016;-999;-999;-999;    1;   3.1;   4;    0.000;   0;  -999;  10.5;    -999;    8.0;   97.25;   10.1;    6.7;    6.1;eor
         73;20201017;-999;-999;-999;    1;   0.0;   4;    0.233;   0;  -999;   9.6;    -999;    7.7;   91.29;   10.8;    5.7;    4.9;eor
         73;20201018;-999;-999;-999;    1;   0.0;   0;    3.167;   0;  -999;   9.1;    -999;    7.3;   89.21;   12.0;    3.2;    1.7;eor
         73;20201019;-999;-999;-999;    1;   0.0;   0;    5.733;   0;  -999;   7.7;    -999;    6.0;   85.29;   13.1;    1.2;   -0.3;eor
         73;20201020;-999;-999;-999;    1;   0.0;   0;    3.550;   0;  -999;   8.5;    -999;    5.9;   90.92;   11.4;    1.4;    0.0;eor
         73;20201021;-999;-999;-999;    1;   0.0;   0;    5.100;   0;  -999;   9.6;    -999;    8.4;   87.46;   14.9;    3.8;    3.6;eor
         73;20201022;-999;-999;-999;    1;   0.0;   0;    0.517;   0;  -999;  10.5;    -999;    8.4;   94.71;   13.6;    4.8;    3.1;eor
         73;20201023;-999;-999;-999;    1;   8.9;   4;    3.500;   0;  -999;  12.7;    -999;   11.9;   90.67;   17.7;    8.2;    7.6;eor
         73;20201024;-999;-999;-999;    1;   0.3;   4;    1.583;   0;  -999;  13.3;    -999;   12.0;   94.42;   16.4;    7.3;    5.9;eor
         73;20201025;-999;-999;-999;    1;   0.1;   4;    3.433;   0;  -999;  11.8;    -999;   10.2;   95.00;   14.3;    8.0;    6.5;eor
         73;20201026;-999;-999;-999;    1;   4.9;   4;    0.000;   0;  -999;  11.0;    -999;    9.5;   92.75;   11.3;    5.9;    5.5;eor
         73;20201027;-999;-999;-999;    1;   0.6;   4;    1.483;   0;  -999;   8.7;    -999;    6.3;   91.71;    9.8;    2.4;    0.2;eor
         73;20201028;-999;-999;-999;    1;   2.4;   4;    1.733;   0;  -999;   8.6;    -999;    5.5;   94.83;   10.8;    2.2;    0.2;eor
         73;20201029;-999;-999;-999;    1;   9.3;   4;    1.167;   0;  -999;  10.3;    -999;    8.8;   91.58;   13.1;    5.9;    5.8;eor
         73;20201030;-999;-999;-999;    1;   0.7;   4;    0.000;   0;  -999;  11.9;    -999;   10.9;   91.21;   12.8;    7.6;    7.4;eor
         73;20201031;-999;-999;-999;    1;   0.0;   4;    3.967;   0;  -999;  10.8;    -999;   10.4;   86.00;   15.6;    4.2;    2.7;eor
         73;20201101;-999;-999;-999;    1;  12.1;   4;    0.000;   0;  -999;  10.6;    -999;    7.7;   98.83;   11.5;    3.5;    3.3;eor
         73;20201102;-999;-999;-999;    1;   0.1;   4;    0.650;   0;  -999;  15.2;    -999;   14.2;   93.50;   19.6;   11.0;   10.8;eor
         73;20201103;-999;-999;-999;    1;  11.0;   4;    0.000;   0;  -999;  13.5;    -999;   12.1;   95.17;   14.2;    9.2;    8.8;eor
         73;20201104;-999;-999;-999;    1;   0.2;   4;    0.000;   0;  -999;  10.9;    -999;    9.2;   93.71;   10.7;    8.1;    7.7;eor
         73;20201105;-999;-999;-999;    1;   0.0;   0;    5.000;   0;  -999;   8.4;    -999;    7.2;   83.42;   12.1;    0.4;   -1.3;eor
         73;20201106;-999;-999;-999;    1;   0.0;   0;    9.067;   0;  -999;   6.4;    -999;    2.8;   87.25;   11.3;   -2.0;   -3.0;eor
         73;20201107;-999;-999;-999;    1;   0.0;   0;    9.000;   0;  -999;   6.6;    -999;    2.8;   88.63;   11.2;   -2.1;   -3.3;eor
         73;20201108;-999;-999;-999;    1;   0.0;   0;    0.000;   0;  -999;   6.9;    -999;    1.6;   99.67;    4.2;   -0.4;   -0.1;eor
         73;20201109;-999;-999;-999;    1;   0.1;   4;    0.000;   0;  -999;   7.6;    -999;    3.1;   98.58;    4.2;    1.7;    2.0;eor
         73;20201110;-999;-999;-999;    1;   0.0;   4;    0.000;   0;  -999;   8.6;    -999;    5.2;   96.58;    6.4;    4.0;    4.1;eor
         73;20201111;-999;-999;-999;    1;   0.0;   0;    0.000;   0;  -999;   8.3;    -999;    5.5;   91.75;    6.3;    5.0;    4.8;eor
         73;20201112;-999;-999;-999;    1;   0.0;   0;    0.000;   0;  -999;   8.9;    -999;    6.2;   94.08;    6.7;    5.6;    4.4;eor
         73;20201113;-999;-999;-999;    1;   0.0;   0;    0.217;   0;  -999;   9.4;    -999;    6.7;   95.54;    9.2;    5.1;    3.5;eor
         73;20201114;-999;-999;-999;    1;   0.0;   0;    6.600;   0;  -999;   9.4;    -999;    7.7;   89.79;   14.0;    5.1;    2.8;eor
         73;20201115;-999;-999;-999;    1;   0.7;   4;    0.000;-999;  -999;   8.4;    -999;    4.9;   96.25;    5.9;    4.2;    2.1;eor
