STATIONS_ID;MESS_DATUM;QN_3;  FX;  FM;QN_4; RSK;RSKF; SDK;SHK_TAG;  NM; VPM;  PM; TMK; UPM; TXK; TNK; TGK;eor
         44;20190516;-999;-999;-999;    3;   2.8;   4;    1.000;-999;  -999;   9.0;    -999;   10.3;   71.13;   13.3;    7.9;    7.2;eor
         44;20190517;-999;-999;-999;    3;   0.0;   0;    0.850;-999;  -999;  11.7;    -999;   12.3;   82.42;   15.3;    8.8;    4.2;eor
         44;20190518;-999;-999;-999;    3;   0.0;   0;   13.583;-999;  -999;  11.6;    -999;   16.1;   67.33;   23.5;    7.7;    4.1;eor
         44;20190519;-999;-999;-999;    3;   1.3;   4;    8.383;-999;  -999;  13.9;    -999;   16.2;   77.79;   24.2;    9.4;    5.2;eor
         44;20190520;-999;-999;-999;    3;   0.5;   4;    5.800;-999;  -999;  16.0;    -999;   16.2;   87.71;   23.1;   12.0;   10.8;eor
         44;20190521;-999;-999;-999;    3;   0.2;   4;    0.100;-999;  -999;  14.1;    -999;   13.4;   91.75;   16.6;   10.8;   10.9;eor
         44;20190522;-999;-999;-999;    3;   0.0;   0;    4.933;-999;  -999;  11.3;    -999;   12.1;   81.04;   17.9;    6.0;    2.9;eor
         44;20190523;-999;-999;-999;    3;   0.0;   0;   11.950;-999;  -999;   9.2;    -999;   14.2;   61.79;   22.0;    3.1;    0.4;eor
         44;20190524;-999;-999;-999;    3;   0.0;   0;   12.633;-999;  -999;  10.6;    -999;   15.0;   66.83;   23.7;    6.2;    3.5;eor
         44;20190525;-999;-999;-999;    3;   0.0;   0;    3.233;-999;  -999;  10.6;    -999;   11.6;   77.88;   16.4;    5.5;    3.6;eor
         44;20190526;-999;-999;-999;    3;   2.7;   4;    1.317;-999;  -999;  13.1;    -999;   15.2;   76.63;   21.4;    5.8;    4.5;eor
         44;20190527;-999;-999;-999;    3;   0.0;   0;    6.033;-999;  -999;  12.0;    -999;   14.2;   75.17;   18.1;    8.3;    5.7;eor
         44;20190528;-999;-999;-999;    3;   0.0;   0;    7.200;-999;  -999;   9.5;    -999;   11.7;   70.71;   17.3;    5.2;    2.9;eor
         44;20190529;-999;-999;-999;    3;   0.0;   0;    9.767;-999;  -999;   8.2;    -999;   11.6;   63.25;   18.2;    2.4;    0.0;eor
         44;20190530;-999;-999;-999;    3;   1.2;   4;    0.283;-999;  -999;  13.5;    -999;   15.6;   74.08;   19.7;   10.8;    8.2;eor
         44;20190531;-999;-999;-999;    3;   0.0;   0;    4.117;-999;  -999;  16.1;    -999;   18.7;   76.42;   23.9;   11.9;    8.9;eor
         44;20190601;-999;-999;-999;    3;   0.0;   0;   12.517;-999;  -999;  14.7;    -999;   18.2;   72.54;   26.1;   11.1;    8.1;eor
         44;20190602;-999;-999;-999;    3;   0.9;   4;   11.633;-999;  -999;  15.4;    -999;   22.5;   60.92;   30.9;   11.5;    8.0;eor
         44;20190603;-999;-999;-999;    3;   4.3;   4;    2.250;-999;  -999;  16.8;    -999;   18.0;   81.75;   23.6;   11.5;    9.6;eor
         44;20190604;-999;-999;-999;    3;   0.0;   0;    9.517;-999;  -999;  16.8;    -999;   18.9;   78.25;   24.1;   10.7;    8.7;eor
         44;20190605;-999;-999;-999;    3;   1.0;   4;   10.550;-999;  -999;  18.0;    -999;   22.6;   67.00;   28.0;   18.0;   14.5;eor
         44;20190606;-999;-999;-999;    3;   1.0;   4;    1.133;-999;  -999;  15.0;    -999;   16.0;   82.88;   20.9;   10.1;    7.5;eor
         44;20190607;-999;-999;-999;    3;   0.8;   4;   12.683;-999;  -999;  13.0;    -999;   17.1;   68.96;   23.9;    8.9;    5.1;eor
         44;20190608;-999;-999;-999;    3;   3.1;   4;    3.083;-999;  -999;  11.4;    -999;   14.6;   68.83;   17.1;   11.8;    9.9;eor
         44;20190609;-999;-999;-999;    3;   0.1;   4;   11.567;-999;  -999;  11.4;    -999;   16.4;   64.17;   23.1;    9.9;    7.5;eor
         44;20190610;-999;-999;-999;    3;  15.6;   4;    4.133;-999;  -999;  16.0;    -999;   17.4;   81.38;   24.8;   13.5;   12.8;eor
         44;20190611;-999;-999;-999;    3;   3.9;   4;    2.600;-999;  -999;  17.2;    -999;   17.1;   88.63;   21.7;   13.7;   12.4;eor
         44;20190612;-999;-999;-999;    3;   8.2;   4;    4.417;-999;  -999;  16.8;    -999;   16.1;   90.83;   18.7;   10.8;    8.6;eor
         44;20190613;-999;-999;-999;    3;   0.3;   4;    9.800;-999;  -999;  12.8;    -999;   16.1;   72.13;   22.2;   10.6;    7.9;eor
         44;20190614;-999;-999;-999;    3;   3.4;   4;   13.600;-999;  -999;  15.3;    -999;   19.2;   70.38;   26.5;   10.2;    8.2;eor
         44;20190615;-999;-999;-999;    3;   0.3;   4;    5.433;-999;  -999;  17.6;    -999;   17.6;   87.50;   22.0;   10.8;    8.6;eor
         44;20190616;-999;-999;-999;    3;   0.1;   4;    7.733;-999;  -999;  15.4;    -999;   16.5;   83.29;   23.3;    9.4;    7.2;eor
         44;20190617;-999;-999;-999;    3;   0.0;   0;   12.767;-999;  -999;  16.0;    -999;   19.3;   73.83;   26.4;   11.5;    8.6;eor
         44;20190618;-999;-999;-999;    3;   0.0;   0;   11.433;-999;  -999;  17.7;    -999;   21.8;   70.38;   28.9;   14.0;   11.2;eor
         44;20190619;-999;-999;-999;    3;   9.9;   4;   10.550;-999;  -999;  19.0;    -999;   21.1;   78.46;   29.2;   13.6;   11.4;eor
         44;20190620;-999;-999;-999;    3;   0.1;   4;    2.867;-999;  -999;  17.1;    -999;   17.8;   84.88;   23.1;   12.8;   11.2;eor
         44;20190621;-999;-999;-999;    3;   0.0;   0;    8.400;-999;  -999;  14.0;    -999;   15.8;   79.50;   22.1;   10.1;    7.8;eor
         44;20190622;-999;-999;-999;    3;   0.0;   0;   13.083;-999;  -999;  13.1;    -999;   16.9;   70.50;   23.4;    8.4;    5.6;eor
         44;20190623;-999;-999;-999;    3;   0.0;   0;   12.367;-999;  -999;  15.0;    -999;   20.0;   65.88;   27.3;   12.6;    9.7;eor
         44;20190624;-999;-999;-999;    3;   0.0;   0;   14.583;-999;  -999;  16.0;    -999;   22.8;   59.08;   29.4;   16.2;   14.3;eor
         44;20190625;-999;-999;-999;    3;   0.0;   0;   13.200;-999;  -999;  19.0;    -999;   25.0;   61.38;   32.8;   16.0;   13.7;eor
         44;20190626;-999;-999;-999;    3;   0.0;   0;   14.333;-999;  -999;  19.9;    -999;   22.2;   73.79;   27.5;   14.2;   14.3;eor
         44;20190627;-999;-999;-999;    3;   0.0;   0;    1.067;-999;  -999;  13.0;    -999;   15.1;   75.42;   18.9;   11.9;   11.1;eor
         44;20190628;-999;-999;-999;    3;   0.0;   0;   10.067;-999;  -999;  13.5;    -999;   16.6;   72.38;   23.4;   11.0;    6.3;eor
         44;20190629;-999;-999;-999;    3;   0.0;   0;   15.567;-999;  -999;  14.7;    -999;   20.5;   66.67;   31.4;    9.0;    5.2;eor
         44;20190630;-999;-999;-999;    3;   0.0;   0;   14.550;-999;  -999;  17.0;    -999;   22.9;   63.00;   32.7;   13.4;    9.7;eor
         44;20190701;-999;-999;-999;    3;   0.2;   4;    8.450;-999;  -999;  14.0;    -999;   18.3;   69.29;   24.5;   12.4;    9.0;eor
         44;20190702;-999;-999;-999;    3;   0.0;   0;    8.933;-999;  -999;  12.0;    -999;   15.6;   69.04;   20.9;    7.5;    3.7;eor
         44;20190703;-999;-999;-999;    3;   0.0;   0;    7.667;-999;  -999;  10.6;    -999;   13.8;   69.88;   19.8;    6.5;    3.2;eor
         44;20190704;-999;-999;-999;    3;   0.0;   0;    8.967;-999;  -999;  11.8;    -999;   15.6;   68.08;   22.0;    6.0;    2.5;eor
         44;20190705;-999;-999;-999;    3;   0.0;   0;    0.883;-999;  -999;  14.2;    -999;   17.0;   73.58;   21.1;   11.4;    8.3;eor
         44;20190706;-999;-999;-999;    3;   1.6;   4;    0.233;-999;  -999;  14.4;    -999;   14.7;   85.88;   19.1;   11.0;    7.9;eor
         44;20190707;-999;-999;-999;    3;   0.1;   4;    1.983;-999;  -999;  10.6;    -999;   13.8;   68.33;   17.4;   10.9;    9.4;eor
         44;20190708;-999;-999;-999;    3;   1.2;   4;    1.450;-999;  -999;  11.9;    -999;   12.8;   80.92;   16.8;    9.7;    8.5;eor
         44;20190709;-999;-999;-999;    3;   0.2;   4;    2.167;-999;  -999;  12.4;    -999;   13.5;   80.63;   18.7;   10.1;    7.7;eor
         44;20190710;-999;-999;-999;    3;   0.8;   4;    1.750;-999;  -999;  11.8;    -999;   14.7;   72.71;   19.1;    9.9;    8.9;eor
         44;20190711;-999;-999;-999;    3;   6.4;   4;    0.167;-999;  -999;  17.1;    -999;   16.0;   93.54;   19.4;   12.1;   11.4;eor
         44;20190712;-999;-999;-999;    3;   3.5;   4;    2.500;-999;  -999;  17.2;    -999;   17.1;   89.04;   23.0;   14.0;   12.8;eor
         44;20190713;-999;-999;-999;    3;   0.7;   4;    0.400;-999;  -999;  15.8;    -999;   15.4;   90.17;   19.2;   12.9;   12.5;eor
         44;20190714;-999;-999;-999;    3;   0.0;   0;    0.000;-999;  -999;  13.8;    -999;   14.2;   85.46;   16.8;   12.3;   12.2;eor
         44;20190715;-999;-999;-999;    3;   0.4;   4;    2.133;-999;  -999;  13.0;    -999;   14.3;   80.29;   18.7;   12.5;   12.7;eor
         44;20190716;-999;-999;-999;    3;   0.3;   4;    0.067;-999;  -999;  15.6;    -999;   14.8;   92.46;   18.0;   12.5;   12.5;eor
         44;20190717;-999;-999;-999;    3;   0.0;   0;    5.583;-999;  -999;  14.9;    -999;   16.4;   80.71;   21.8;   11.9;    8.1;eor
         44;20190718;-999;-999;-999;    3;   0.0;   0;    8.933;-999;  -999;  14.6;    -999;   19.2;   69.58;   27.0;   10.0;    6.9;eor
         44;20190719;-999;-999;-999;    3;   0.0;   0;    6.917;-999;  -999;  15.1;    -999;   19.6;   68.63;   25.5;   13.7;   10.8;eor
         44;20190720;-999;-999;-999;    3;   6.2;   4;    5.850;-999;  -999;  16.8;    -999;   18.8;   79.46;   29.5;   13.7;   10.2;eor
         44;20190721;-999;-999;-999;    3;   0.0;   0;   11.033;-999;  -999;  15.4;    -999;   18.4;   74.96;   24.1;   11.2;    9.0;eor
         44;20190722;-999;-999;-999;    3;   0.0;   0;    5.317;-999;  -999;  16.6;    -999;   19.3;   75.83;   28.0;   10.8;    9.0;eor
         44;20190723;-999;-999;-999;    3;   0.0;   0;   14.867;-999;  -999;  18.2;    -999;   24.1;   65.71;   32.9;   14.2;   11.7;eor
         44;20190724;-999;-999;-999;    3;   0.0;   0;   13.783;-999;  -999;  18.9;    -999;   26.3;   58.92;   34.7;   17.5;   13.3;eor
         44;20190725;-999;-999;-999;    3;   0.0;   0;   12.133;-999;  -999;  19.3;    -999;   28.5;   52.13;   36.9;   19.3;   16.3;eor
         44;20190726;-999;-999;-999;    3;   0.0;   0;   12.383;-999;  -999;  16.7;    -999;   25.8;   51.29;   31.6;   19.7;   16.4;eor
         44;20190727;-999;-999;-999;    3;   0.0;   0;   13.150;-999;  -999;  16.2;    -999;   23.6;   57.13;   28.9;   17.2;   16.0;eor
         44;20190728;-999;-999;-999;    3;   0.1;   4;    5.850;-999;  -999;  18.9;    -999;   22.7;   70.33;   29.4;   16.7;   14.9;eor
         44;20190729;-999;-999;-999;    3;   0.0;   0;    4.533;-999;  -999;  18.2;    -999;   21.0;   73.96;   27.3;   16.7;   13.9;eor
         44;20190730;-999;-999;-999;    3;   2.0;   4;   11.400;-999;  -999;  15.9;    -999;   22.9;   62.00;   30.9;   13.5;   10.8;eor
         44;20190731;-999;-999;-999;    3;   9.3;   4;    6.933;-999;  -999;  17.0;    -999;   18.9;   80.29;   25.3;   14.6;   14.0;eor
         44;20190801;-999;-999;-999;    3;   0.0;   0;    4.183;-999;  -999;  16.2;    -999;   18.3;   79.17;   24.9;   12.9;   11.4;eor
         44;20190802;-999;-999;-999;    3;   0.1;   4;    7.533;-999;  -999;  17.1;    -999;   19.3;   77.88;   26.3;   14.8;   13.1;eor
         44;20190803;-999;-999;-999;    3;   0.0;   0;    2.833;-999;  -999;  16.4;    -999;   17.8;   82.04;   22.9;   13.2;   10.9;eor
         44;20190804;-999;-999;-999;    3;   0.0;   0;    4.650;-999;  -999;  15.7;    -999;   19.0;   73.33;   26.1;   14.4;   12.9;eor
         44;20190805;-999;-999;-999;    3;   0.3;   4;    3.200;-999;  -999;  16.8;    -999;   20.0;   73.17;   27.0;   15.1;   13.0;eor
         44;20190806;-999;-999;-999;    3;   0.0;   0;    8.750;-999;  -999;  15.8;    -999;   20.0;   69.63;   26.3;   13.1;   10.5;eor
         44;20190807;-999;-999;-999;    3;  15.7;   4;    5.700;-999;  -999;  15.7;    -999;   17.8;   78.33;   25.0;   12.6;   10.5;eor
         44;20190808;-999;-999;-999;    3;   0.0;   0;    5.733;-999;  -999;  15.3;    -999;   18.2;   74.17;   23.9;   11.6;    9.5;eor
         44;20190809;-999;-999;-999;    3;   4.7;   4;    1.467;-999;  -999;  17.9;    -999;   17.6;   88.42;   24.1;    9.4;    7.4;eor
         44;20190810;-999;-999;-999;    3;   1.1;   4;    7.283;-999;  -999;  17.5;    -999;   20.2;   74.25;   23.1;   16.8;   14.6;eor
         44;20190811;-999;-999;-999;    3;   0.0;   0;    8.467;-999;  -999;  12.8;    -999;   19.7;   56.42;   23.9;   14.8;   12.5;eor
         44;20190812;-999;-999;-999;    3;  13.8;   4;   10.017;-999;  -999;  14.2;    -999;   17.8;   72.00;   24.8;   13.3;   10.4;eor
         44;20190813;-999;-999;-999;    3;   3.4;   4;    2.667;-999;  -999;  14.2;    -999;   13.4;   92.13;   18.5;   10.3;    9.1;eor
         44;20190814;-999;-999;-999;    3;   1.3;   4;    9.183;-999;  -999;  12.9;    -999;   15.5;   75.63;   22.1;    9.6;    8.5;eor
         44;20190815;-999;-999;-999;    3;   4.8;   4;    3.183;-999;  -999;  16.7;    -999;   16.4;   89.17;   21.0;   13.3;   12.8;eor
         44;20190816;-999;-999;-999;    3;   0.6;   4;    3.900;-999;  -999;  15.3;    -999;   17.4;   77.96;   21.7;   13.9;   13.0;eor
         44;20190817;-999;-999;-999;    3;   8.9;   4;    0.033;-999;  -999;  18.3;    -999;   17.9;   88.67;   20.0;   15.6;   14.7;eor
         44;20190818;-999;-999;-999;    3;   5.9;   4;    0.633;-999;  -999;  17.4;    -999;   16.3;   93.42;   18.7;   14.5;   13.4;eor
         44;20190819;-999;-999;-999;    3;   0.0;   0;    9.667;-999;  -999;  14.4;    -999;   16.9;   76.25;   21.5;   12.6;    9.9;eor
         44;20190820;-999;-999;-999;    3;   6.1;   4;    8.800;-999;  -999;  13.5;    -999;   16.0;   76.33;   22.5;   10.7;    8.3;eor
         44;20190821;-999;-999;-999;    3;   0.0;   0;    9.600;-999;  -999;  12.9;    -999;   15.4;   76.38;   22.3;    9.7;    7.4;eor
         44;20190822;-999;-999;-999;    3;   0.0;   0;   13.067;-999;  -999;  12.7;    -999;   17.9;   65.63;   26.3;    8.6;    6.5;eor
         44;20190823;-999;-999;-999;    3;   0.0;   0;   12.933;-999;  -999;  13.6;    -999;   18.9;   66.58;   26.9;   10.8;    8.4;eor
         44;20190824;-999;-999;-999;    3;   0.0;   0;   12.750;-999;  -999;  14.5;    -999;   21.1;   63.42;   29.7;   12.7;    9.6;eor
         44;20190825;-999;-999;-999;    3;   0.0;   0;   12.617;-999;  -999;  16.9;    -999;   22.6;   63.88;   30.6;   14.5;   10.6;eor
         44;20190826;-999;-999;-999;    3;   0.0;   0;   11.667;-999;  -999;  19.4;    -999;   24.4;   67.54;   33.5;   16.7;   14.3;eor
         44;20190827;-999;-999;-999;    3;   0.0;   0;   12.483;-999;  -999;  17.9;    -999;   24.9;   60.04;   33.3;   16.5;   13.6;eor
         44;20190828;-999;-999;-999;    3;  10.8;   4;    6.600;-999;  -999;  18.9;    -999;   24.2;   66.63;   33.0;   17.9;   15.3;eor
         44;20190829;-999;-999;-999;    3;   0.0;   0;    6.333;-999;  -999;  18.3;    -999;   19.7;   81.13;   24.3;   14.5;   12.5;eor
         44;20190830;-999;-999;-999;    3;   0.0;   0;   11.817;-999;  -999;  14.7;    -999;   17.5;   76.50;   24.4;   11.8;    9.7;eor
         44;20190831;-999;-999;-999;    3;  12.7;   4;   11.400;-999;  -999;  16.9;    -999;   20.9;   71.17;   31.0;   11.0;    9.1;eor
         44;20190901;-999;-999;-999;    3;   1.0;   4;    2.067;-999;  -999;  15.2;    -999;   16.1;   83.08;   19.4;   10.0;    7.7;eor
         44;20190902;-999;-999;-999;    3;   0.2;   4;    8.733;-999;  -999;  12.0;    -999;   13.5;   78.63;   18.6;    9.4;    7.5;eor
         44;20190903;-999;-999;-999;    3;   0.0;   4;    0.750;-999;  -999;  13.7;    -999;   15.9;   75.71;   18.6;   13.0;   11.7;eor
         44;20190904;-999;-999;-999;    3;   1.9;   4;    2.533;-999;  -999;  14.9;    -999;   16.2;   81.50;   20.6;   10.9;    8.6;eor
         44;20190905;-999;-999;-999;    3;   1.4;   4;    4.250;-999;  -999;  12.2;    -999;   12.8;   82.42;   17.7;    8.3;    6.4;eor
         44;20190906;-999;-999;-999;    3;   0.0;   0;    4.267;-999;  -999;  10.3;    -999;   13.1;   69.29;   17.5;    7.6;    5.8;eor
         44;20190907;-999;-999;-999;    3;   0.0;   0;    7.100;-999;  -999;  12.1;    -999;   13.6;   78.58;   18.6;    8.2;    6.2;eor
         44;20190908;-999;-999;-999;    3;   0.0;   0;    5.400;-999;  -999;  11.9;    -999;   12.3;   84.42;   18.8;    7.4;    5.2;eor
         44;20190909;-999;-999;-999;    3;   0.0;   0;    8.883;-999;  -999;  11.5;    -999;   12.7;   80.38;   19.5;    6.1;    4.1;eor
         44;20190910;-999;-999;-999;    3;   0.0;   0;    8.383;-999;  -999;  11.1;    -999;   12.9;   76.13;   19.0;    7.8;    4.9;eor
         44;20190911;-999;-999;-999;    3;   6.0;   4;    3.267;-999;  -999;  12.9;    -999;   13.0;   86.46;   19.3;    7.4;    4.1;eor
         44;20190912;-999;-999;-999;    3;   0.7;   4;    4.850;-999;  -999;  15.9;    -999;   17.7;   79.38;   21.3;   15.1;   14.0;eor
         44;20190913;-999;-999;-999;    3;   0.0;   0;    5.550;-999;  -999;  14.0;    -999;   16.0;   76.79;   20.2;    7.5;    5.1;eor
         44;20190914;-999;-999;-999;    3;   0.0;   0;    8.383;-999;  -999;  10.7;    -999;   12.0;   78.58;   19.6;    5.4;    3.7;eor
         44;20190915;-999;-999;-999;    3;   1.2;   4;    3.767;-999;  -999;  12.6;    -999;   13.9;   78.04;   20.8;    7.6;    4.6;eor
         44;20190916;-999;-999;-999;    3;   0.7;   4;    1.217;-999;  -999;  12.6;    -999;   12.5;   86.46;   16.5;    8.7;    5.5;eor
         44;20190917;-999;-999;-999;    3;   1.3;   4;    4.767;-999;  -999;  10.2;    -999;   11.6;   75.92;   16.1;    8.5;    6.6;eor
         44;20190918;-999;-999;-999;    3;   0.2;   4;    5.933;-999;  -999;   9.7;    -999;   10.6;   76.79;   16.2;    6.0;    2.7;eor
         44;20190919;-999;-999;-999;    3;   0.0;   0;    8.550;-999;  -999;   8.8;    -999;    9.6;   76.00;   16.6;    4.1;    1.1;eor
         44;20190920;-999;-999;-999;    3;   0.0;   0;    9.050;-999;  -999;  10.0;    -999;   10.5;   80.79;   19.2;    3.5;    1.3;eor
         44;20190921;-999;-999;-999;    3;   0.0;   0;   11.300;-999;  -999;   9.7;    -999;   13.6;   67.50;   22.9;    4.7;    1.5;eor
         44;20190922;-999;-999;-999;    3;   0.0;   0;   11.150;-999;  -999;  11.0;    -999;   16.9;   60.67;   26.4;    7.2;    2.0;eor
         44;20190923;-999;-999;-999;    3;   4.0;   4;    0.000;-999;  -999;  15.9;    -999;   15.9;   87.63;   17.9;   13.4;   10.5;eor
         44;20190924;-999;-999;-999;    3;   7.4;   4;    6.000;-999;  -999;  13.4;    -999;   15.3;   79.38;   21.4;    9.1;    6.4;eor
         44;20190925;-999;-999;-999;    3;   2.6;   4;    1.833;-999;  -999;  15.0;    -999;   14.4;   91.50;   18.5;   11.7;    9.0;eor
         44;20190926;-999;-999;-999;    3;  10.5;   4;    0.033;-999;  -999;  16.3;    -999;   15.4;   92.71;   17.8;   11.7;   10.2;eor
         44;20190927;-999;-999;-999;    3;   2.5;   4;    2.883;-999;  -999;  14.3;    -999;   15.1;   83.54;   18.2;   13.1;   12.1;eor
         44;20190928;-999;-999;-999;    3;   6.7;   4;    2.817;-999;  -999;  13.8;    -999;   15.0;   81.08;   18.6;   13.5;   12.0;eor
         44;20190929;-999;-999;-999;    3;  31.4;   4;    0.000;-999;  -999;  15.0;    -999;   13.9;   93.96;   15.8;   12.5;   11.8;eor
         44;20190930;-999;-999;-999;    3;  13.5;   4;    4.550;-999;  -999;  13.2;    -999;   13.5;   85.25;   16.3;   11.1;    8.7;eor
         44;20191001;-999;-999;-999;    3;   7.0;   4;    0.200;   0;  -999;  13.6;    -999;   12.6;   92.71;   17.2;    8.5;    8.0;eor
         44;20191002;-999;-999;-999;    3;   4.1;   4;    7.283;   0;  -999;  10.1;    -999;    9.6;   85.08;   13.1;    6.6;    4.8;eor
         44;20191003;-999;-999;-999;    3;   1.8;   4;    1.533;   0;  -999;  11.8;    -999;   10.6;   91.96;   14.7;    7.6;    5.6;eor
         44;20191004;-999;-999;-999;    3;   5.6;   4;    0.000;   0;  -999;  10.7;    -999;    9.0;   93.08;   10.5;    7.2;    6.0;eor
         44;20191005;-999;-999;-999;    3;   0.0;   0;    7.450;   0;  -999;   9.5;    -999;    9.1;   83.50;   13.8;    5.3;    3.2;eor
         44;20191006;-999;-999;-999;    3;   0.0;   0;    0.533;   0;  -999;   8.8;    -999;    7.6;   84.46;    9.6;    5.3;    3.4;eor
         44;20191007;-999;-999;-999;    3;   5.6;   4;    7.850;   0;  -999;   8.4;    -999;    7.7;   79.29;   11.9;    0.4;   -2.0;eor
         44;20191008;-999;-999;-999;    3;   0.7;   4;    0.100;   0;  -999;  13.0;    -999;   12.5;   89.08;   15.0;   10.4;    8.2;eor
         44;20191009;-999;-999;-999;    3;   5.7;   4;    0.583;   0;  -999;  11.6;    -999;   11.0;   88.33;   13.8;    7.9;    6.2;eor
         44;20191010;-999;-999;-999;    3;   3.4;   4;    3.017;   0;  -999;  11.1;    -999;   10.4;   87.50;   14.0;    7.8;    6.6;eor
         44;20191011;-999;-999;-999;    3;   0.2;   4;    0.000;   0;  -999;  13.2;    -999;   13.6;   84.54;   16.2;   11.5;   10.1;eor
         44;20191012;-999;-999;-999;    3;   2.7;   4;    0.000;   0;  -999;  13.1;    -999;   12.0;   93.42;   16.6;   10.4;   10.3;eor
         44;20191013;-999;-999;-999;    3;   3.5;   4;    2.417;   0;  -999;  16.2;    -999;   15.9;   89.17;   21.2;   10.9;   10.9;eor
         44;20191014;-999;-999;-999;    3;   0.0;   0;    5.300;   0;  -999;  14.3;    -999;   15.0;   83.79;   17.7;   12.5;   11.0;eor
         44;20191015;-999;-999;-999;    3;  -999;-999;    6.300;   0;  -999;  15.1;    -999;   15.3;   86.92;   19.8;   11.9;    8.7;eor
         44;20191016;-999;-999;-999;    3;   3.0;   4;    1.517;   0;  -999;  13.8;    -999;   13.3;   90.25;   16.0;   12.1;   11.9;eor
         44;20191017;-999;-999;-999;    3;   4.5;   4;    0.917;   0;  -999;  14.5;    -999;   13.8;   91.83;   16.0;   12.1;   10.9;eor
         44;20191018;-999;-999;-999;    3;   3.9;   4;    2.467;   0;  -999;  12.3;    -999;   12.3;   85.83;   17.2;    9.0;    7.8;eor
         44;20191019;-999;-999;-999;    3;  -999;-999;    0.033;   0;  -999;  11.7;    -999;   11.2;   87.17;   14.5;    8.2;    4.9;eor
         44;20191020;-999;-999;-999;    3;  -999;-999;    0.000;   0;  -999;  12.4;    -999;   10.7;   95.71;   13.0;    8.3;    6.3;eor
         44;20191021;-999;-999;-999;    3;   0.0;   0;    2.400;   0;  -999;  13.6;    -999;   12.9;   90.71;   17.7;   10.6;    8.0;eor
         44;20191022;-999;-999;-999;    3;   0.0;   0;    0.783;   0;  -999;  12.0;    -999;   11.8;   87.25;   14.4;    8.3;    5.5;eor
         44;20191023;-999;-999;-999;    3;   0.0;   0;    2.533;   0;  -999;  12.7;    -999;   11.8;   92.13;   15.1;    8.8;    8.9;eor
         44;20191024;-999;-999;-999;    3;   0.0;   0;    4.783;   0;  -999;  13.7;    -999;   13.6;   88.33;   17.7;    9.3;    7.6;eor
         44;20191025;-999;-999;-999;    3;   0.0;   0;    3.067;   0;  -999;  12.2;    -999;   13.6;   78.71;   15.9;   11.5;   10.0;eor
         44;20191026;-999;-999;-999;    3;   4.0;   4;    5.067;   0;  -999;  13.2;    -999;   16.4;   71.04;   19.2;   13.5;   12.2;eor
         44;20191027;-999;-999;-999;    3;   0.0;   0;    4.900;   0;  -999;   9.7;    -999;    9.9;   78.92;   15.5;    7.1;    5.6;eor
         44;20191028;-999;-999;-999;    3;   0.8;   4;    6.267;   0;  -999;   8.7;    -999;    7.2;   86.38;   11.9;    2.8;    0.8;eor
         44;20191029;-999;-999;-999;    3;   0.0;   0;    8.417;   0;  -999;   7.4;    -999;    4.7;   87.29;   10.4;    0.6;   -2.2;eor
         44;20191030;-999;-999;-999;    3;   0.0;   0;    9.167;   0;  -999;   6.3;    -999;    2.8;   86.13;    8.8;   -1.3;   -4.1;eor
         44;20191031;-999;-999;-999;    3;   0.0;   0;    8.750;   0;  -999;   5.9;    -999;    2.4;   82.42;    8.4;   -2.2;   -5.2;eor
         44;20191101;-999;-999;-999;    3;  10.8;   4;    0.267;   0;  -999;   7.3;    -999;    3.2;   91.88;    8.5;   -1.5;   -4.2;eor
         44;20191102;-999;-999;-999;    3;   3.8;   4;    1.500;   0;  -999;  12.3;    -999;   11.6;   89.50;   15.3;    8.5;    6.8;eor
         44;20191103;-999;-999;-999;    3;   0.8;   4;    1.550;   0;  -999;  11.0;    -999;   11.1;   83.50;   13.5;    8.9;    6.4;eor
         44;20191104;-999;-999;-999;    3;   2.9;   4;    0.683;   0;  -999;  11.3;    -999;   10.1;   91.71;   12.3;    7.0;    3.9;eor
         44;20191105;-999;-999;-999;    3;   5.1;   4;    0.000;   0;  -999;  11.1;    -999;    8.9;   96.83;   10.2;    6.7;    3.6;eor
         44;20191106;-999;-999;-999;    3;   0.5;   4;    0.717;   0;  -999;   9.2;    -999;    6.5;   94.46;    8.5;    1.1;   -1.2;eor
         44;20191107;-999;-999;-999;    3;   3.3;   4;    0.850;   0;  -999;   8.5;    -999;    5.4;   94.17;    8.8;    0.5;   -1.2;eor
         44;20191108;-999;-999;-999;    3;   0.0;   0;    6.167;   0;  -999;   7.8;    -999;    4.7;   90.96;   10.1;    1.3;   -1.5;eor
         44;20191109;-999;-999;-999;    3;   0.2;   4;    1.983;   0;  -999;   7.6;    -999;    3.8;   93.79;    6.7;    0.3;   -1.6;eor
         44;20191110;-999;-999;-999;    3;   0.1;   4;    7.483;   0;  -999;   6.9;    -999;    3.3;   89.50;    8.5;   -0.5;   -2.8;eor
         44;20191111;-999;-999;-999;    3;   0.1;   4;    0.350;   0;  -999;   6.5;    -999;    2.8;   86.33;    6.2;   -0.7;   -3.2;eor
         44;20191112;-999;-999;-999;    3;   1.1;   4;    0.233;   0;  -999;   7.5;    -999;    4.7;   87.79;    7.0;    1.8;   -0.7;eor
         44;20191113;-999;-999;-999;    3;   0.0;   0;    0.767;   0;  -999;   7.4;    -999;    4.3;   88.96;    7.4;    1.7;   -0.5;eor
         44;20191114;-999;-999;-999;    3;   0.0;   0;    2.650;   0;  -999;   7.1;    -999;    4.1;   86.79;    6.7;    1.7;   -1.7;eor
         44;20191115;-999;-999;-999;    3;   0.8;   4;    0.000;   0;  -999;   7.5;    -999;    4.3;   89.92;    5.9;    2.5;    0.4;eor
         44;20191116;-999;-999;-999;    3;   9.2;   4;    0.000;   0;  -999;   7.5;    -999;    3.7;   93.38;    5.5;    0.5;   -2.1;eor
         44;20191117;-999;-999;-999;    3;   4.0;   4;    0.233;   0;  -999;   6.7;    -999;    2.4;   92.17;    5.0;   -0.7;   -3.2;eor
         44;20191118;-999;-999;-999;    3;  32.9;   4;    0.000;   0;  -999;   9.1;    -999;    5.8;   98.54;    7.4;    4.9;    4.7;eor
         44;20191119;-999;-999;-999;    3;   0.1;   4;    5.983;   0;  -999;   8.4;    -999;    5.5;   91.75;    8.6;    0.0;   -2.3;eor
         44;20191120;-999;-999;-999;    3;   0.0;   4;    0.000;   0;  -999;   6.1;    -999;    0.1;   99.38;    1.5;   -1.5;   -2.3;eor
         44;20191121;-999;-999;-999;    3;   0.2;   4;    0.000;   0;  -999;   7.5;    -999;    2.9;   98.58;    4.9;    0.1;    0.5;eor
         44;20191122;-999;-999;-999;    3;   0.1;   4;    0.500;   0;  -999;   8.1;    -999;    4.6;   94.79;    7.1;    2.5;   -0.1;eor
         44;20191123;-999;-999;-999;    3;   0.0;   0;    0.017;   0;  -999;   8.7;    -999;    6.9;   87.17;    8.6;    4.0;    3.7;eor
         44;20191124;-999;-999;-999;    3;   0.0;   0;    0.000;   0;  -999;   8.3;    -999;    5.7;   90.75;    7.2;    4.2;    4.4;eor
         44;20191125;-999;-999;-999;    3;   0.0;   0;    0.000;   0;  -999;   8.3;    -999;    4.5;   99.00;    5.0;    3.8;    4.0;eor
         44;20191126;-999;-999;-999;    3;   0.0;   0;    0.000;   0;  -999;   9.5;    -999;    7.4;   92.67;    9.8;    4.9;    4.2;eor
         44;20191127;-999;-999;-999;    3;   3.7;   4;    0.000;   0;  -999;  10.5;    -999;    9.3;   89.08;   10.7;    8.2;    4.6;eor
         44;20191128;-999;-999;-999;    3;   8.5;   4;    0.000;   0;  -999;  10.6;    -999;    9.0;   91.75;   10.3;    6.2;    4.5;eor
         44;20191129;-999;-999;-999;    3;   0.0;   0;    4.450;   0;  -999;   7.0;    -999;    4.9;   80.79;    8.3;    1.5;   -1.0;eor
         44;20191130;-999;-999;-999;    3;   0.0;   0;    6.883;   0;  -999;   6.6;    -999;    2.4;   90.21;    7.0;   -0.6;   -3.6;eor
         44;20191201;-999;-999;-999;    3;   0.0;   0;    0.000;   0;  -999;   6.0;    -999;    0.0;   96.96;    2.0;   -2.8;   -4.4;eor
         44;20191202;-999;-999;-999;    3;   0.2;   4;    4.067;   0;  -999;   7.3;    -999;    3.7;   91.08;    7.6;    0.6;   -0.9;eor
         44;20191203;-999;-999;-999;    3;   0.0;   0;    0.600;   0;  -999;   8.6;    -999;    6.1;   91.25;    8.2;    3.7;    3.5;eor
         44;20191204;-999;-999;-999;    3;   0.0;   0;    6.400;   0;  -999;   6.8;    -999;    3.1;   89.38;    7.0;   -1.0;   -3.4;eor
         44;20191205;-999;-999;-999;    3;   0.1;   4;    4.317;   0;  -999;   6.1;    -999;    0.8;   93.67;    3.4;   -1.9;   -4.1;eor
         44;20191206;-999;-999;-999;    3;   6.7;   4;    0.000;   0;  -999;   8.5;    -999;    5.5;   93.75;    7.9;    3.3;    3.0;eor
         44;20191207;-999;-999;-999;    3;   0.4;   4;    0.000;   0;  -999;  10.0;    -999;    8.5;   90.25;    9.3;    7.4;    7.0;eor
         44;20191208;-999;-999;-999;    3;   6.2;   4;    0.400;   0;  -999;   9.3;    -999;    8.3;   84.58;    9.9;    4.7;    3.8;eor
         44;20191209;-999;-999;-999;    3;   1.5;   4;    0.033;   0;  -999;   7.8;    -999;    6.0;   83.71;    7.0;    3.8;    1.1;eor
         44;20191210;-999;-999;-999;    3;   0.1;   4;    5.417;   0;  -999;   6.3;    -999;    3.7;   79.50;    5.8;    0.9;   -1.1;eor
         44;20191211;-999;-999;-999;    3;   1.9;   4;    0.000;   0;  -999;   8.0;    -999;    5.3;   90.42;    6.5;    4.4;    3.4;eor
         44;20191212;-999;-999;-999;    3;   0.0;   0;    0.867;   0;  -999;   7.3;    -999;    4.2;   87.54;    5.8;    1.6;    0.2;eor
         44;20191213;-999;-999;-999;    3;   1.2;   4;    0.000;   0;  -999;   6.2;    -999;    2.3;   85.54;    4.0;    1.5;    0.5;eor
         44;20191214;-999;-999;-999;    3;   2.0;   4;    0.750;   0;  -999;   7.3;    -999;    4.6;   86.17;    6.7;    2.7;    1.3;eor
         44;20191215;-999;-999;-999;    3;   0.7;   4;    4.117;   0;  -999;   7.5;    -999;    6.3;   78.92;    8.4;    2.5;    0.9;eor
         44;20191216;-999;-999;-999;    3;   0.0;   0;    0.000;   0;  -999;   8.4;    -999;    6.3;   87.17;    8.5;    4.0;    1.9;eor
         44;20191217;-999;-999;-999;    3;   2.5;   4;    1.167;   0;  -999;  10.0;    -999;   10.1;   81.21;   13.9;    4.3;    0.3;eor
         44;20191218;-999;-999;-999;    3;   0.1;   4;    0.117;   0;  -999;   8.5;    -999;    5.7;   92.67;    9.7;    2.7;   -1.5;eor
         44;20191219;-999;-999;-999;    3;   0.0;   0;    6.250;   0;  -999;   9.0;    -999;    8.3;   81.54;   13.2;    4.1;    2.7;eor
         44;20191220;-999;-999;-999;    3;   0.1;   4;    0.700;   0;  -999;   8.9;    -999;    9.5;   74.25;   12.2;    6.5;    3.7;eor
         44;20191221;-999;-999;-999;    3;   0.0;   0;    4.000;   0;  -999;   8.3;    -999;    7.2;   81.08;    9.6;    3.5;   -0.6;eor
         44;20191222;-999;-999;-999;    3;   3.2;   4;    0.100;   0;  -999;   8.9;    -999;    6.8;   89.25;    8.8;    4.3;    1.9;eor
         44;20191223;-999;-999;-999;    3;   2.5;   4;    0.300;   0;  -999;   9.2;    -999;    7.2;   90.79;    8.6;    5.9;    4.3;eor
         44;20191224;-999;-999;-999;    3;   7.8;   4;    0.000;   0;  -999;   9.0;    -999;    6.4;   93.46;    7.4;    5.1;    3.5;eor
         44;20191225;-999;-999;-999;    3;   0.0;   0;    0.533;   0;  -999;   8.9;    -999;    6.3;   93.29;    7.5;    5.3;    4.2;eor
         44;20191226;-999;-999;-999;    3;   0.0;   0;    0.267;   0;  -999;   7.9;    -999;    4.9;   91.71;    6.8;    3.3;    0.1;eor
         44;20191227;-999;-999;-999;    3;   0.0;   0;    1.400;   0;  -999;   6.3;    -999;    2.0;   89.46;    4.0;   -0.5;   -3.8;eor
         44;20191228;-999;-999;-999;    3;   0.0;   0;    1.333;   0;  -999;   5.7;    -999;    0.4;   90.54;    1.7;   -2.1;   -4.0;eor
         44;20191229;-999;-999;-999;    3;   0.0;   0;    0.450;   0;  -999;   4.9;    -999;    0.7;   78.13;    4.7;   -2.9;   -5.0;eor
         44;20191230;-999;-999;-999;    3;   0.0;   0;    3.217;   0;  -999;   4.2;    -999;    5.9;   45.75;    8.7;    3.7;    1.5;eor
         44;20191231;-999;-999;-999;    3;   0.0;   0;    3.567;   0;  -999;   8.0;    -999;    5.5;   88.54;    8.2;   -0.1;   -3.2;eor
         44;20200101;-999;-999;-999;    3;   0.0;   0;    0.000;   0;  -999;   5.6;    -999;   -1.0;   98.63;    0.7;   -2.3;   -3.3;eor
         44;20200102;-999;-999;-999;    3;   0.0;   0;    0.000;   0;  -999;   6.0;    -999;    0.0;   97.46;    5.0;   -3.4;   -4.9;eor
         44;20200103;-999;-999;-999;    3;   9.2;   4;    0.000;   0;  -999;   9.0;    -999;    6.5;   92.67;    8.8;    3.4;    1.8;eor
         44;20200104;-999;-999;-999;    3;   1.0;   4;    0.000;   0;  -999;   7.7;    -999;    4.8;   88.92;    7.8;    2.1;   -0.8;eor
         44;20200105;-999;-999;-999;    3;   0.0;   0;    0.000;   0;  -999;   7.7;    -999;    4.2;   92.63;    6.3;    0.7;   -1.6;eor
         44;20200106;-999;-999;-999;    3;   0.0;   4;    0.033;   0;  -999;   7.4;    -999;    4.6;   86.79;    6.0;    0.8;   -1.5;eor
         44;20200107;-999;-999;-999;    3;   0.0;   0;    0.933;   0;  -999;   8.4;    -999;    6.3;   87.58;    7.9;    3.6;    3.0;eor
         44;20200108;-999;-999;-999;    3;   0.4;   4;    0.000;   0;  -999;  10.8;    -999;    9.3;   91.58;   11.2;    7.2;    6.4;eor
         44;20200109;-999;-999;-999;    3;   8.0;   4;    0.000;   0;  -999;  12.2;    -999;   10.8;   94.08;   12.2;    9.1;    8.1;eor
         44;20200110;-999;-999;-999;    3;   1.5;   4;    1.167;   0;  -999;   9.3;    -999;    7.3;   89.58;   11.5;    2.3;    0.8;eor
         44;20200111;-999;-999;-999;    3;   0.0;   0;    1.083;   0;  -999;   6.9;    -999;    3.8;   85.79;    6.5;    0.8;   -0.5;eor
         44;20200112;-999;-999;-999;    3;   1.9;   4;    0.000;   0;  -999;   8.1;    -999;    6.3;   84.33;    8.5;    5.1;    4.5;eor
         44;20200113;-999;-999;-999;    3;   1.6;   4;    1.633;   0;  -999;   8.3;    -999;    6.2;   87.54;    8.2;    4.2;    1.4;eor
         44;20200114;-999;-999;-999;    3;   3.3;   4;    0.000;   0;  -999;  10.1;    -999;    9.5;   84.79;   11.5;    7.1;    5.8;eor
         44;20200115;-999;-999;-999;    3;   1.1;   4;    2.583;   0;  -999;   9.5;    -999;   10.6;   74.75;   12.8;    5.4;    3.6;eor
         44;20200116;-999;-999;-999;    3;   0.0;   0;    6.983;   0;  -999;   8.3;    -999;    6.4;   85.96;   10.1;    3.6;    1.8;eor
         44;20200117;-999;-999;-999;    3;   0.6;   4;    2.767;   0;  -999;   8.7;    -999;    7.7;   82.25;   10.1;    5.9;    2.4;eor
         44;20200118;-999;-999;-999;    3;   0.5;   4;    0.667;   0;  -999;   7.1;    -999;    4.1;   86.38;    5.9;    1.6;    0.0;eor
         44;20200119;-999;-999;-999;    3;   0.8;   4;    3.250;   0;  -999;   7.1;    -999;    3.5;   90.13;    7.3;    0.9;   -1.5;eor
         44;20200120;-999;-999;-999;    3;   0.0;   0;    0.033;   0;  -999;   7.8;    -999;    4.2;   94.38;    5.9;    1.5;   -1.5;eor
         44;20200121;-999;-999;-999;    3;   0.0;   0;    6.900;   0;  -999;   6.9;    -999;    3.6;   87.38;    6.4;    1.3;   -1.5;eor
         44;20200122;-999;-999;-999;    3;   0.1;   4;    0.217;   0;  -999;   7.8;    -999;    4.0;   95.00;    7.6;    0.6;   -1.9;eor
         44;20200123;-999;-999;-999;    3;   0.0;   0;    7.367;   0;  -999;   6.7;    -999;    2.4;   92.33;    6.3;   -0.9;   -3.0;eor
         44;20200124;-999;-999;-999;    3;   0.0;   0;    0.000;   0;  -999;   6.3;    -999;    0.9;   96.13;    2.2;   -0.5;   -0.3;eor
         44;20200125;-999;-999;-999;    3;   0.0;   0;    0.000;   0;  -999;   6.4;    -999;    1.4;   94.33;    2.1;    0.6;    0.6;eor
         44;20200126;-999;-999;-999;    3;   1.2;   4;    0.000;   0;  -999;   6.9;    -999;    2.5;   94.75;    5.1;    0.5;   -0.9;eor
         44;20200127;-999;-999;-999;    3;   3.3;   4;    0.000;   0;  -999;   9.1;    -999;    6.8;   92.00;    8.6;    4.2;    1.3;eor
         44;20200128;-999;-999;-999;    3;   2.0;   4;    0.000;   0;  -999;   7.6;    -999;    4.9;   87.71;    6.9;    2.7;    1.3;eor
         44;20200129;-999;-999;-999;    3;   4.8;   4;    0.150;   0;  -999;   7.2;    -999;    3.9;   88.67;    5.2;    2.8;    1.6;eor
         44;20200130;-999;-999;-999;    3;   0.6;   4;    0.000;   0;  -999;   8.8;    -999;    7.6;   84.04;   10.0;    4.5;    3.8;eor
         44;20200131;-999;-999;-999;    3;   1.7;   4;    0.317;   0;  -999;  10.6;    -999;   10.5;   83.13;   12.4;    8.5;    7.4;eor
         44;20200201;-999;-999;-999;    3;   0.3;   4;    0.383;   0;  -999;  10.6;    -999;   10.4;   83.33;   12.3;    7.0;    5.2;eor
         44;20200202;-999;-999;-999;    3;   5.3;   4;    0.000;   0;  -999;   9.1;    -999;    7.1;   90.33;    8.7;    6.1;    5.3;eor
         44;20200203;-999;-999;-999;    3;   2.5;   4;    0.000;   0;  -999;   9.5;    -999;    8.0;   87.83;    9.4;    5.6;    4.0;eor
         44;20200204;-999;-999;-999;    3;   1.0;   4;    4.617;   0;  -999;   7.2;    -999;    5.0;   82.50;    7.1;    3.6;    1.5;eor
         44;20200205;-999;-999;-999;    3;   0.0;   0;    8.183;   0;  -999;   6.0;    -999;    3.2;   78.17;    7.1;   -2.5;   -4.5;eor
         44;20200206;-999;-999;-999;    3;   0.0;   0;    0.000;   0;  -999;   7.4;    -999;    4.8;   86.00;    6.5;    2.3;    0.7;eor
         44;20200207;-999;-999;-999;    3;   0.0;   0;    3.450;   0;  -999;   7.1;    -999;    4.9;   82.54;    7.5;    2.1;    0.4;eor
         44;20200208;-999;-999;-999;    3;   0.0;   0;    1.533;   0;  -999;   7.3;    -999;    5.2;   80.46;    9.7;    0.5;   -1.7;eor
         44;20200209;-999;-999;-999;    3;  12.1;   4;    0.067;   0;  -999;   9.3;    -999;    9.7;   77.33;   12.6;    6.8;    5.3;eor
         44;20200210;-999;-999;-999;    3;  13.9;   4;    1.567;   0;  -999;   7.5;    -999;    6.2;   78.42;   10.2;    0.1;    0.1;eor
         44;20200211;-999;-999;-999;    3;   3.1;   4;    0.500;   0;  -999;   6.5;    -999;    3.5;   82.63;    5.8;    1.4;    0.3;eor
         44;20200212;-999;-999;-999;    3;   2.0;   4;    2.150;   0;  -999;   6.1;    -999;    3.8;   76.38;    6.5;    2.3;    0.4;eor
         44;20200213;-999;-999;-999;    3;  10.6;   4;    0.000;   0;  -999;   6.8;    -999;    2.9;   89.71;    4.4;    1.2;   -0.6;eor
         44;20200214;-999;-999;-999;    3;   0.0;   0;    0.467;   0;  -999;   7.9;    -999;    5.4;   88.13;    6.3;    3.7;    1.7;eor
         44;20200215;-999;-999;-999;    3;   0.0;   0;    2.567;   0;  -999;   8.5;    -999;    8.6;   76.17;   12.4;    3.9;    1.8;eor
         44;20200216;-999;-999;-999;    3;  11.7;   4;    0.000;   0;  -999;  10.9;    -999;   12.6;   74.67;   17.4;    8.2;    7.3;eor
         44;20200217;-999;-999;-999;    3;   1.9;   4;    3.900;   0;  -999;   7.7;    -999;    7.4;   74.46;   10.2;    5.2;    4.2;eor
         44;20200218;-999;-999;-999;    3;   2.4;   4;    2.983;   0;  -999;   7.6;    -999;    6.4;   78.96;    8.1;    4.7;    3.0;eor
         44;20200219;-999;-999;-999;    3;   4.7;   4;    0.800;   0;  -999;   7.2;    -999;    4.7;   84.58;    7.0;    1.9;   -0.4;eor
         44;20200220;-999;-999;-999;    3;   6.7;   4;    0.000;   0;  -999;   8.5;    -999;    6.7;   86.50;    9.6;    3.8;    2.7;eor
         44;20200221;-999;-999;-999;    3;   0.0;   4;    2.050;   0;  -999;   7.4;    -999;    6.2;   77.54;    8.2;    3.2;    1.9;eor
         44;20200222;-999;-999;-999;    3;   8.7;   4;    0.000;   0;  -999;   8.3;    -999;    7.8;   78.13;    9.5;    5.9;    4.9;eor
         44;20200223;-999;-999;-999;    3;  17.4;   4;    0.000;   0;  -999;   8.2;    -999;    6.1;   86.63;    8.7;    3.8;    2.2;eor
         44;20200224;-999;-999;-999;    3;  15.0;   4;    0.000;   0;  -999;   8.3;    -999;    5.6;   89.50;   10.0;    3.4;    1.8;eor
         44;20200225;-999;-999;-999;    3;   0.5;   4;    4.233;   0;  -999;   7.1;    -999;    6.1;   75.33;   10.1;    0.9;   -1.2;eor
         44;20200226;-999;-999;-999;    3;   4.4;   4;    2.233;   0;  -999;   6.8;    -999;    2.7;   91.83;    6.7;    0.9;   -1.1;eor
         44;20200227;-999;-999;-999;    3;   3.3;   4;    0.000;   0;  -999;   6.6;    -999;    2.5;   90.46;    4.7;    0.5;   -0.3;eor
         44;20200228;-999;-999;-999;    3;  12.1;   4;    6.650;   0;  -999;   6.5;    -999;    3.6;   83.17;    7.3;    0.7;   -0.3;eor
         44;20200229;-999;-999;-999;    3;   1.4;   4;    3.817;   0;  -999;   8.6;    -999;    8.2;   80.00;   14.7;    2.2;    1.8;eor
         44;20200301;-999;-999;-999;    3;   0.9;   4;    1.983;   0;  -999;   6.8;    -999;    6.1;   71.79;    9.5;    3.4;    0.7;eor
         44;20200302;-999;-999;-999;    3;   4.8;   4;    2.950;   0;  -999;   7.7;    -999;    6.1;   81.67;   10.0;    2.3;   -0.6;eor
         44;20200303;-999;-999;-999;    3;   0.5;   4;    5.900;   0;  -999;   7.3;    -999;    4.9;   85.17;    9.4;    1.4;   -0.7;eor
         44;20200304;-999;-999;-999;    3;   2.3;   4;    1.283;   0;  -999;   7.2;    -999;    3.5;   91.88;    8.3;    0.2;   -1.9;eor
         44;20200305;-999;-999;-999;    3;   5.4;   4;    4.250;   0;  -999;   7.2;    -999;    5.4;   80.71;    8.4;    1.6;   -0.1;eor
         44;20200306;-999;-999;-999;    3;  10.8;   4;    0.000;   0;  -999;   7.6;    -999;    4.3;   91.54;    6.3;    2.8;    2.5;eor
         44;20200307;-999;-999;-999;    3;   0.0;   0;    6.033;   0;  -999;   7.1;    -999;    5.9;   77.63;    9.4;    2.6;    0.6;eor
         44;20200308;-999;-999;-999;    3;   2.7;   4;    0.350;   0;  -999;   9.1;    -999;    8.4;   82.63;   10.6;    7.0;    5.8;eor
         44;20200309;-999;-999;-999;    3;   5.5;   4;    2.883;   0;  -999;   8.6;    -999;    7.6;   82.71;   11.4;    5.9;    4.3;eor
         44;20200310;-999;-999;-999;    3;  10.3;   4;    0.000;   0;  -999;  10.7;    -999;    8.9;   92.46;   12.2;    4.7;    4.4;eor
         44;20200311;-999;-999;-999;    3;   2.8;   4;    4.700;   0;  -999;   9.4;    -999;   10.2;   75.79;   13.4;    6.9;    5.4;eor
         44;20200312;-999;-999;-999;    3;   5.3;   4;    5.050;   0;  -999;   7.6;    -999;    7.8;   71.58;   12.0;    1.8;    1.0;eor
         44;20200313;-999;-999;-999;    3;   1.9;   4;    3.383;   0;  -999;   7.1;    -999;    5.3;   79.79;    9.8;   -1.1;   -3.5;eor
         44;20200314;-999;-999;-999;    3;   0.0;   0;   10.117;   0;  -999;   6.2;    -999;    4.0;   76.96;    9.7;   -3.3;   -5.1;eor
         44;20200315;-999;-999;-999;    3;   0.0;   0;    3.000;   0;  -999;   8.4;    -999;    9.9;   68.92;   14.0;    5.7;    3.9;eor
         44;20200316;-999;-999;-999;    3;   0.0;   0;    8.717;   0;  -999;   8.7;    -999;    9.4;   74.75;   13.6;    4.5;    1.6;eor
         44;20200317;-999;-999;-999;    3;   0.0;   0;    5.917;   0;  -999;   7.6;    -999;    8.6;   70.29;   13.3;    3.4;    0.4;eor
         44;20200318;-999;-999;-999;    3;   0.5;   4;    4.517;   0;  -999;   8.5;    -999;   11.1;   63.04;   15.2;    7.2;    5.5;eor
         44;20200319;-999;-999;-999;    3;   0.5;   4;    0.000;   0;  -999;   9.1;    -999;    8.0;   84.58;   11.3;    6.1;    5.6;eor
         44;20200320;-999;-999;-999;    3;   0.0;   0;    0.000;   0;  -999;   7.6;    -999;    6.2;   80.25;    8.9;    2.5;    0.1;eor
         44;20200321;-999;-999;-999;    3;   0.0;   0;    6.833;   0;  -999;   4.9;    -999;    3.3;   64.21;    7.2;   -0.8;   -3.7;eor
         44;20200322;-999;-999;-999;    3;   0.0;   0;   11.533;   0;  -999;   4.1;    -999;    2.8;   55.08;    6.9;   -0.9;   -2.6;eor
         44;20200323;-999;-999;-999;    3;   0.0;   0;   11.450;   0;  -999;   3.6;    -999;    2.6;   50.38;    7.3;   -2.0;   -3.9;eor
         44;20200324;-999;-999;-999;    3;   0.0;   0;   11.183;   0;  -999;   3.8;    -999;    4.0;   47.50;    9.2;   -1.7;   -3.9;eor
         44;20200325;-999;-999;-999;    3;   0.0;   0;   11.567;   0;  -999;   3.6;    -999;    4.8;   44.33;   11.1;   -1.6;   -6.2;eor
         44;20200326;-999;-999;-999;    3;   0.0;   0;   11.517;   0;  -999;   3.9;    -999;    5.1;   45.00;   10.8;   -0.3;   -4.5;eor
         44;20200327;-999;-999;-999;    3;   0.0;   0;   11.250;   0;  -999;   5.5;    -999;    8.1;   51.88;   15.3;    1.2;   -2.7;eor
         44;20200328;-999;-999;-999;    3;   0.0;   0;   10.783;   0;  -999;   6.2;    -999;    6.4;   65.38;   12.2;    1.0;   -2.8;eor
         44;20200329;-999;-999;-999;    3;   0.2;   4;    3.267;   0;  -999;   4.5;    -999;    2.9;   59.88;    6.6;   -4.3;   -7.1;eor
         44;20200330;-999;-999;-999;    3;   4.4;   4;    2.283;   0;  -999;   5.8;    -999;    2.2;   78.83;    7.7;   -4.9;   -7.5;eor
         44;20200331;-999;-999;-999;    3;   0.0;   0;   11.233;   0;  -999;   4.6;    -999;    2.4;   64.54;    9.0;   -3.3;   -6.0;eor
         44;20200401;-999;-999;-999;    3;   0.0;   0;    1.333;   0;  -999;   5.9;    -999;    3.7;   72.33;    8.6;   -3.5;   -5.3;eor
         44;20200402;-999;-999;-999;    3;   1.4;   4;    3.433;   0;  -999;   6.9;    -999;    7.2;   69.00;   10.7;    3.8;    1.8;eor
         44;20200403;-999;-999;-999;    3;   0.0;   0;    3.017;   0;  -999;   6.3;    -999;    6.1;   68.04;    9.1;    0.7;   -2.7;eor
         44;20200404;-999;-999;-999;    3;   0.0;   0;    9.000;   0;  -999;   6.3;    -999;    7.1;   65.13;   14.2;   -0.1;   -3.1;eor
         44;20200405;-999;-999;-999;    3;   0.0;   0;   12.133;   0;  -999;   6.4;    -999;   11.1;   50.96;   19.1;    2.5;   -2.0;eor
         44;20200406;-999;-999;-999;    3;   0.0;   0;   12.250;   0;  -999;   7.5;    -999;   14.5;   48.38;   24.1;    5.0;   -0.5;eor
         44;20200407;-999;-999;-999;    3;   0.0;   0;   10.550;   0;  -999;   9.3;    -999;   12.7;   65.96;   18.7;    7.0;    3.4;eor
         44;20200408;-999;-999;-999;    3;   0.0;   0;   10.233;   0;  -999;   9.3;    -999;   14.7;   56.21;   24.0;    7.2;    4.3;eor
         44;20200409;-999;-999;-999;    3;   0.0;   0;   11.067;   0;  -999;   8.5;    -999;   10.6;   69.83;   19.3;    3.4;   -0.5;eor
         44;20200410;-999;-999;-999;    3;   0.0;   0;   12.450;   0;  -999;   6.8;    -999;    7.1;   71.38;   14.7;    1.4;   -4.0;eor
         44;20200411;-999;-999;-999;    3;   0.0;   0;   12.300;   0;  -999;   6.8;    -999;    9.7;   62.58;   19.2;   -0.1;   -3.1;eor
         44;20200412;-999;-999;-999;    3;   0.0;   0;    8.383;   0;  -999;   8.3;    -999;   13.7;   56.08;   23.5;    2.6;   -1.1;eor
         44;20200413;-999;-999;-999;    3;   0.2;   4;    4.983;   0;  -999;   5.7;    -999;    6.9;   57.79;   10.8;    3.1;    1.5;eor
         44;20200414;-999;-999;-999;    3;   0.0;   0;    4.067;   0;  -999;   5.9;    -999;    5.6;   65.75;   10.9;    1.1;   -1.9;eor
         44;20200415;-999;-999;-999;    3;   0.0;   0;   12.100;   0;  -999;   6.6;    -999;    9.0;   60.88;   17.8;    1.8;   -1.1;eor
         44;20200416;-999;-999;-999;    3;   0.0;   0;   12.750;   0;  -999;   7.7;    -999;    9.4;   67.83;   18.0;    0.6;   -2.0;eor
         44;20200417;-999;-999;-999;    3;   0.0;   0;   12.433;   0;  -999;   7.3;    -999;    8.1;   70.71;   15.2;    1.1;   -2.5;eor
         44;20200418;-999;-999;-999;    3;   0.0;   0;   12.717;   0;  -999;   6.8;    -999;   11.4;   55.13;   19.9;    2.8;   -1.1;eor
         44;20200419;-999;-999;-999;    3;   0.0;   0;   13.233;   0;  -999;   4.8;    -999;   10.1;   40.79;   16.7;    3.7;    0.9;eor
         44;20200420;-999;-999;-999;    3;   0.0;   0;   13.333;   0;  -999;   5.5;    -999;   10.9;   43.17;   17.4;    2.6;   -0.4;eor
         44;20200421;-999;-999;-999;    3;   0.0;   0;   13.367;   0;  -999;   6.1;    -999;   12.5;   42.96;   18.7;    6.1;    3.7;eor
         44;20200422;-999;-999;-999;    3;   0.0;   0;   13.400;   0;  -999;   6.6;    -999;   13.8;   44.08;   20.6;    6.5;    3.7;eor
         44;20200423;-999;-999;-999;    3;   0.0;   0;   12.417;   0;  -999;   7.5;    -999;   14.0;   50.50;   22.0;    4.9;   -0.6;eor
         44;20200424;-999;-999;-999;    3;   0.0;   0;   10.583;   0;  -999;   8.1;    -999;   12.0;   60.79;   19.2;    7.4;    5.1;eor
         44;20200425;-999;-999;-999;    3;   0.0;   0;    6.117;   0;  -999;   8.0;    -999;   10.4;   65.33;   16.9;    3.7;    1.0;eor
         44;20200426;-999;-999;-999;    3;   0.0;   0;    8.750;   0;  -999;   7.5;    -999;    8.5;   70.54;   16.3;    0.8;   -1.9;eor
         44;20200427;-999;-999;-999;    3;   0.0;   0;   12.217;   0;  -999;   7.6;    -999;   12.9;   57.50;   21.3;    1.2;   -1.7;eor
         44;20200428;-999;-999;-999;    3;   1.9;   4;    4.250;   0;  -999;   9.5;    -999;   11.4;   72.38;   16.8;    7.9;    5.1;eor
         44;20200429;-999;-999;-999;    3;   8.1;   4;    1.750;   0;  -999;  11.4;    -999;   10.7;   88.96;   15.8;    7.8;    5.7;eor
         44;20200430;-999;-999;-999;    3;   0.2;   4;    4.467;   0;  -999;  10.2;    -999;   12.2;   73.42;   16.5;    9.3;    7.4;eor
         44;20200501;-999;-999;-999;    3;   3.6;   4;    2.767;-999;  -999;   9.5;    -999;    9.7;   79.63;   13.9;    7.1;    5.7;eor
         44;20200502;-999;-999;-999;    3;   0.3;   4;    3.650;-999;  -999;   9.6;    -999;    9.6;   81.50;   13.4;    6.9;    3.6;eor
         44;20200503;-999;-999;-999;    3;   0.0;   0;    2.383;-999;  -999;   9.7;    -999;   10.4;   78.00;   15.5;    6.7;    5.0;eor
         44;20200504;-999;-999;-999;    3;   0.0;   0;    8.183;-999;  -999;   8.2;    -999;    9.6;   69.75;   15.3;    4.2;    0.9;eor
         44;20200505;-999;-999;-999;    3;   0.0;   0;   10.867;-999;  -999;   6.5;    -999;    8.3;   62.71;   14.5;    1.3;   -1.0;eor
         44;20200506;-999;-999;-999;    3;   0.0;   0;   14.133;-999;  -999;   7.0;    -999;    9.5;   63.63;   17.6;    0.8;   -1.7;eor
         44;20200507;-999;-999;-999;    3;   0.0;   0;   11.333;-999;  -999;   8.1;    -999;   10.9;   67.33;   19.8;    2.1;   -0.2;eor
         44;20200508;-999;-999;-999;    3;   0.0;   0;   11.933;-999;  -999;   8.4;    -999;   13.1;   59.96;   21.5;    3.1;   -0.3;eor
         44;20200509;-999;-999;-999;    3;   0.0;   0;   13.350;-999;  -999;   9.7;    -999;   16.4;   56.58;   24.6;    7.7;    3.8;eor
         44;20200510;-999;-999;-999;    3;   0.9;   4;    8.283;-999;  -999;   9.7;    -999;   13.6;   65.08;   24.5;    6.4;    3.2;eor
         44;20200511;-999;-999;-999;    3;   0.0;   0;    9.100;-999;  -999;   6.1;    -999;    8.1;   58.21;   12.9;    2.9;    0.6;eor
         44;20200512;-999;-999;-999;    3;   1.0;   4;    4.800;-999;  -999;   7.1;    -999;    6.5;   73.83;   11.1;    1.9;   -0.9;eor
         44;20200513;-999;-999;-999;    3;   0.0;   0;    4.350;-999;  -999;   7.3;    -999;    7.3;   72.71;   10.9;    2.7;   -0.2;eor
         44;20200514;-999;-999;-999;    3;   0.0;   0;    6.900;-999;  -999;   6.1;    -999;    7.3;   62.92;   14.0;    0.8;   -2.8;eor
         44;20200515;-999;-999;-999;    3;   0.0;   0;    6.233;-999;  -999;   6.8;    -999;    7.9;   66.13;   14.1;   -0.7;   -3.5;eor
         44;20200516;-999;-999;-999;    3;   0.0;   0;    5.067;-999;  -999;   8.3;    -999;   11.0;   65.75;   17.7;    4.3;    0.9;eor
         44;20200517;-999;-999;-999;    3;   0.0;   0;    7.850;-999;  -999;   8.6;    -999;   12.3;   63.71;   18.3;    4.9;    2.4;eor
         44;20200518;-999;-999;-999;    3;   0.0;   0;    6.283;-999;  -999;  10.3;    -999;   15.2;   61.25;   22.4;    7.1;    4.1;eor
         44;20200519;-999;-999;-999;    3;   0.0;   0;    1.567;-999;  -999;  12.1;    -999;   14.9;   72.25;   21.0;   10.8;    9.6;eor
         44;20200520;-999;-999;-999;    3;   0.5;   4;    2.033;-999;  -999;  12.6;    -999;   14.6;   76.96;   18.8;    9.3;    5.4;eor
         44;20200521;-999;-999;-999;    3;   0.0;   0;   14.067;-999;  -999;  11.5;    -999;   17.5;   61.75;   25.3;    7.5;    4.1;eor
         44;20200522;-999;-999;-999;    3;   3.7;   4;    1.850;-999;  -999;  14.7;    -999;   16.9;   75.67;   21.1;   12.8;   10.0;eor
         44;20200523;-999;-999;-999;    3;   1.5;   4;    6.483;-999;  -999;   9.5;    -999;   14.4;   58.71;   19.4;   10.1;    7.8;eor
         44;20200524;-999;-999;-999;    3;   4.7;   4;    3.733;-999;  -999;  11.9;    -999;   12.6;   81.42;   16.4;    9.8;    9.0;eor
         44;20200525;-999;-999;-999;    3;   0.0;   0;    8.350;-999;  -999;  11.0;    -999;   13.1;   73.08;   17.4;    9.3;    8.3;eor
         44;20200526;-999;-999;-999;    3;   0.0;   0;    8.533;-999;  -999;  10.4;    -999;   14.0;   68.21;   21.7;    8.4;    6.0;eor
         44;20200527;-999;-999;-999;    3;   0.0;   0;    9.533;-999;  -999;  11.1;    -999;   14.7;   68.46;   22.2;    7.0;    4.4;eor
         44;20200528;-999;-999;-999;    3;   0.0;   0;   15.100;-999;  -999;   9.1;    -999;   12.7;   65.29;   19.0;    6.7;    3.8;eor
         44;20200529;-999;-999;-999;    3;   0.0;   0;   14.883;-999;  -999;   9.2;    -999;   14.3;   61.54;   22.4;    5.6;    2.2;eor
         44;20200530;-999;-999;-999;    3;   0.0;   0;   10.750;-999;  -999;   9.0;    -999;   16.1;   53.00;   23.1;    7.4;    3.3;eor
         44;20200531;-999;-999;-999;    3;   0.0;   0;   12.533;-999;  -999;   9.1;    -999;   16.3;   51.00;   22.6;    8.7;    4.7;eor
         44;20200601;-999;-999;-999;    3;   0.0;   0;   13.933;-999;  -999;   9.6;    -999;   18.0;   47.92;   25.4;    8.7;    3.3;eor
         44;20200602;-999;-999;-999;    3;   0.0;   0;   13.750;-999;  -999;  11.1;    -999;   19.7;   50.79;   26.9;   11.2;    6.0;eor
         44;20200603;-999;-999;-999;    3;   1.0;   4;    9.117;-999;  -999;  12.5;    -999;   20.4;   55.29;   28.0;   13.9;    9.7;eor
         44;20200604;-999;-999;-999;    3;   8.8;   4;    0.783;-999;  -999;  14.0;    -999;   12.9;   93.67;   15.9;    9.8;    9.3;eor
         44;20200605;-999;-999;-999;    3;   2.5;   4;    5.900;-999;  -999;  10.4;    -999;   10.4;   82.83;   15.0;    7.3;    5.9;eor
         44;20200606;-999;-999;-999;    3;   0.8;   4;    8.500;-999;  -999;   9.1;    -999;   11.8;   66.71;   16.2;    6.5;    4.7;eor
         44;20200607;-999;-999;-999;    3;   2.6;   4;    5.917;-999;  -999;  10.5;    -999;   12.5;   72.21;   16.8;    8.8;    4.1;eor
         44;20200608;-999;-999;-999;    3;   5.4;   4;    2.383;-999;  -999;  12.5;    -999;   13.4;   81.75;   17.9;    8.2;    5.2;eor
         44;20200609;-999;-999;-999;    3;   0.2;   4;    1.650;-999;  -999;  11.1;    -999;   12.7;   75.96;   17.9;    9.9;    8.4;eor
         44;20200610;-999;-999;-999;    3;   0.6;   4;    4.133;-999;  -999;  13.1;    -999;   15.0;   76.42;   20.1;   10.5;    9.9;eor
         44;20200611;-999;-999;-999;    3;   2.0;   4;    0.000;-999;  -999;  15.8;    -999;   15.1;   92.00;   16.7;   13.2;   12.8;eor
         44;20200612;-999;-999;-999;    3;   0.0;   4;    7.767;-999;  -999;  17.7;    -999;   19.3;   80.21;   24.7;   15.3;   14.5;eor
         44;20200613;-999;-999;-999;    3;  -999;-999;    6.717;-999;  -999;  20.3;    -999;   21.7;   79.25;   29.4;   15.8;   15.0;eor
         44;20200614;-999;-999;-999;    3;  11.5;   4;    0.367;-999;  -999;  -999;    -999;   18.5;-999;   21.3;   15.7;   15.8;eor
         44;20200615;-999;-999;-999;    3;   0.1;   4;    0.033;-999;  -999;  17.9;    -999;   16.9;   92.71;   19.3;   15.1;   13.4;eor
         44;20200616;-999;-999;-999;    3;   0.0;   0;    5.950;-999;  -999;  18.0;    -999;   19.3;   81.58;   24.7;   15.0;   13.3;eor
         44;20200617;-999;-999;-999;    3;   0.0;   0;   11.783;-999;  -999;  16.9;    -999;   20.2;   73.33;   26.9;   14.2;   13.3;eor
         44;20200618;-999;-999;-999;    3;   2.6;   4;    0.000;-999;  -999;  17.8;    -999;   17.2;   90.83;   19.4;   15.7;   14.2;eor
         44;20200619;-999;-999;-999;    3;   6.7;   4;    8.750;-999;  -999;  16.7;    -999;   18.2;   81.88;   24.7;   14.1;   13.3;eor
         44;20200620;-999;-999;-999;    3;   0.0;   0;    7.767;-999;  -999;  15.3;    -999;   16.8;   81.08;   22.9;   10.4;    8.2;eor
         44;20200621;-999;-999;-999;    3;   0.0;   0;   11.867;-999;  -999;  14.7;    -999;   18.4;   72.04;   25.3;    9.0;    6.5;eor
         44;20200622;-999;-999;-999;    3;   0.0;   0;   10.950;-999;  -999;  14.4;    -999;   18.1;   71.92;   24.2;   11.2;    8.1;eor
         44;20200623;-999;-999;-999;    3;   0.0;   0;   15.517;-999;  -999;  13.7;    -999;   18.7;   67.33;   26.3;    9.4;    6.7;eor
         44;20200624;-999;-999;-999;    3;   0.0;   0;   15.467;-999;  -999;  13.2;    -999;   20.8;   57.46;   27.3;   12.1;    8.7;eor
         44;20200625;-999;-999;-999;    3;   0.0;   0;   11.917;-999;  -999;  17.3;    -999;   22.5;   65.25;   28.4;   15.3;   11.5;eor
         44;20200626;-999;-999;-999;    3;   0.0;   0;   14.983;-999;  -999;  16.3;    -999;   22.7;   61.54;   29.4;   14.9;   10.7;eor
         44;20200627;-999;-999;-999;    3;   3.1;   4;    6.350;-999;  -999;  19.8;    -999;   20.8;   81.29;   28.2;   14.5;   12.2;eor
         44;20200628;-999;-999;-999;    3;   0.0;   4;    4.117;-999;  -999;  15.0;    -999;   17.7;   74.96;   21.9;   10.4;    7.5;eor
         44;20200629;-999;-999;-999;    3;   0.0;   0;    8.850;-999;  -999;  11.1;    -999;   16.5;   60.83;   21.3;   10.2;    7.0;eor
         44;20200630;-999;-999;-999;    3;   4.2;   4;    0.233;-999;  -999;  13.2;    -999;   15.2;   76.46;   18.4;   13.5;   12.9;eor
         44;20200701;-999;-999;-999;    3;   3.3;   4;    1.767;-999;  -999;  16.8;    -999;   16.5;   89.33;   20.7;   12.3;    9.5;eor
         44;20200702;-999;-999;-999;    3;   2.2;   4;    2.483;-999;  -999;  15.6;    -999;   16.0;   85.92;   22.4;   12.0;    9.3;eor
         44;20200703;-999;-999;-999;    3;   0.6;   4;    4.200;-999;  -999;  14.8;    -999;   16.0;   82.42;   20.7;   10.3;    7.9;eor
         44;20200704;-999;-999;-999;    3;   1.5;   4;    0.000;-999;  -999;  16.3;    -999;   16.7;   85.00;   19.6;   14.0;   13.1;eor
         44;20200705;-999;-999;-999;    3;   3.8;   4;    2.500;-999;  -999;  17.2;    -999;   18.4;   81.88;   22.5;   13.1;   10.3;eor
         44;20200706;-999;-999;-999;    3;   4.4;   4;    7.783;-999;  -999;  12.8;    -999;   14.3;   79.04;   17.7;   10.6;    9.3;eor
         44;20200707;-999;-999;-999;    3;   0.5;   4;    4.750;-999;  -999;  11.8;    -999;   13.4;   76.38;   18.4;    9.0;    7.3;eor
         44;20200708;-999;-999;-999;    3;   3.5;   4;    0.183;-999;  -999;  -999;    -999;   13.7;-999;   16.1;   11.0;   10.6;eor
         44;20200709;-999;-999;-999;    3;  26.8;   4;    0.000;-999;  -999;  15.4;    -999;   13.7;   98.29;   15.3;   12.2;   12.3;eor
         44;20200710;-999;-999;-999;    3;   3.3;   4;    2.267;-999;  -999;  14.3;    -999;   13.5;   91.75;   16.3;    8.7;    6.8;eor
         44;20200711;-999;-999;-999;    3;   0.3;   4;    6.900;-999;  -999;  12.2;    -999;   13.4;   80.58;   18.5;    8.2;    5.9;eor
         44;20200712;-999;-999;-999;    3;   0.0;   4;   10.533;-999;  -999;  12.2;    -999;   14.5;   76.67;   21.8;    7.6;    5.5;eor
         44;20200713;-999;-999;-999;    3;   0.0;   0;   12.317;-999;  -999;  13.2;    -999;   16.2;   74.33;   23.7;    7.3;    5.2;eor
         44;20200714;-999;-999;-999;    3;   6.9;   4;    0.000;-999;  -999;  14.9;    -999;   14.2;   91.88;   17.8;    9.5;    7.8;eor
         44;20200715;-999;-999;-999;    3;   0.0;   0;    5.100;-999;  -999;  14.2;    -999;   15.3;   83.21;   20.1;   10.2;    8.1;eor
         44;20200716;-999;-999;-999;    3;   0.0;   4;    2.333;-999;  -999;  13.9;    -999;   15.3;   81.33;   20.7;    9.4;    7.4;eor
         44;20200717;-999;-999;-999;    3;   0.0;   0;    8.200;-999;  -999;  14.8;    -999;   16.9;   78.00;   24.0;    8.6;    6.2;eor
         44;20200718;-999;-999;-999;    3;   0.1;   4;    8.717;-999;  -999;  16.6;    -999;   18.5;   79.54;   25.7;   10.6;    8.5;eor
         44;20200719;-999;-999;-999;    3;   0.6;   4;    5.083;-999;  -999;  17.2;    -999;   19.9;   75.92;   25.5;   14.6;   12.4;eor
         44;20200720;-999;-999;-999;    3;   0.0;   0;    6.100;-999;  -999;  14.1;    -999;   16.5;   76.29;   21.2;    8.1;    5.5;eor
         44;20200721;-999;-999;-999;    3;   0.0;   0;    6.800;-999;  -999;  11.8;    -999;   14.4;   74.29;   21.0;    6.6;    4.5;eor
         44;20200722;-999;-999;-999;    3;   0.0;   0;    5.400;-999;  -999;  11.9;    -999;   14.7;   73.50;   21.3;    8.4;    5.5;eor
         44;20200723;-999;-999;-999;    3;   0.0;   0;    5.250;-999;  -999;  13.6;    -999;   17.0;   72.88;   24.0;   10.7;    9.3;eor
         44;20200724;-999;-999;-999;    3;   0.6;   4;    1.750;-999;  -999;  16.5;    -999;   17.8;   81.13;   22.3;   13.7;   11.3;eor
         44;20200725;-999;-999;-999;    3;  10.3;   4;    2.517;-999;  -999;  17.9;    -999;   17.8;   87.88;   22.0;   13.5;   11.2;eor
         44;20200726;-999;-999;-999;    3;   0.0;   4;    8.417;-999;  -999;  16.5;    -999;   18.4;   79.46;   23.1;   11.8;    9.9;eor
         44;20200727;-999;-999;-999;    3;   0.5;   4;    1.467;-999;  -999;  15.7;    -999;   16.9;   81.92;   21.1;   10.0;    8.3;eor
         44;20200728;-999;-999;-999;    3;   1.6;   4;    6.250;-999;  -999;  14.3;    -999;   17.8;   70.71;   21.3;   13.4;   11.5;eor
         44;20200729;-999;-999;-999;    3;   0.0;   4;    3.300;-999;  -999;  12.2;    -999;   15.4;   70.21;   19.2;    9.1;    6.5;eor
         44;20200730;-999;-999;-999;    3;   0.0;   0;   13.300;-999;  -999;  12.4;    -999;   15.7;   71.79;   23.6;    6.6;    4.0;eor
         44;20200731;-999;-999;-999;    3;   0.0;   0;   14.400;-999;  -999;  15.8;    -999;   20.1;   70.00;   28.4;   10.0;    8.6;eor
         44;20200801;-999;-999;-999;    3;   0.0;   0;    2.500;-999;  -999;  19.5;    -999;   21.4;   76.46;   27.3;   14.3;   12.2;eor
         44;20200802;-999;-999;-999;    3;   0.0;   0;    9.033;-999;  -999;  15.7;    -999;   17.6;   78.58;   24.6;    9.1;    6.6;eor
         44;20200803;-999;-999;-999;    3;   0.0;   0;    7.100;-999;  -999;  13.0;    -999;   14.3;   81.04;   22.2;    7.3;    5.2;eor
         44;20200804;-999;-999;-999;    3;   0.0;   0;    8.883;-999;  -999;  13.1;    -999;   15.2;   78.00;   22.0;    8.4;    6.0;eor
         44;20200805;-999;-999;-999;    3;   0.0;   0;   13.133;-999;  -999;  13.5;    -999;   19.9;   61.63;   28.5;   12.5;    9.3;eor
         44;20200806;-999;-999;-999;    3;   0.0;   0;   14.033;-999;  -999;  14.8;    -999;   22.1;   61.17;   32.2;   11.8;    9.5;eor
         44;20200807;-999;-999;-999;    3;   0.0;   0;   14.017;-999;  -999;  15.5;    -999;   23.2;   61.88;   33.7;   12.5;   10.2;eor
         44;20200808;-999;-999;-999;    3;   0.0;   0;   13.350;-999;  -999;  19.1;    -999;   25.1;   63.96;   35.0;   15.3;   13.1;eor
         44;20200809;-999;-999;-999;    3;   0.0;   0;    5.717;-999;  -999;  19.3;    -999;   24.2;   66.42;   31.3;   18.0;   15.9;eor
         44;20200810;-999;-999;-999;    3;   0.0;   0;   13.400;-999;  -999;  18.7;    -999;   24.7;   63.75;   33.5;   16.2;   14.0;eor
         44;20200811;-999;-999;-999;    3;   0.0;   0;   11.367;-999;  -999;  19.1;    -999;   25.1;   61.46;   31.8;   18.2;   15.7;eor
         44;20200812;-999;-999;-999;    3;   0.0;   0;   10.817;-999;  -999;  17.9;    -999;   25.6;   56.75;   32.9;   19.1;   16.6;eor
         44;20200813;-999;-999;-999;    3;   0.0;   0;    9.700;-999;  -999;  17.8;    -999;   25.0;   56.42;   32.0;   17.3;   14.4;eor
         44;20200814;-999;-999;-999;    3;   3.8;   4;    1.417;-999;  -999;  22.2;    -999;   22.1;   83.96;   29.1;   19.0;   18.2;eor
         44;20200815;-999;-999;-999;    3;   0.0;   4;    5.200;-999;  -999;  22.2;    -999;   22.2;   84.00;   29.2;   17.9;   16.6;eor
         44;20200816;-999;-999;-999;    3;   5.8;   4;    9.433;-999;  -999;  21.1;    -999;   22.9;   77.54;   30.2;   17.4;   16.0;eor
         44;20200817;-999;-999;-999;    3;   8.0;   4;    1.683;-999;  -999;  21.3;    -999;   19.9;   92.17;   25.1;   15.4;   13.7;eor
         44;20200818;-999;-999;-999;    3;   0.0;   0;    9.683;-999;  -999;  17.3;    -999;   19.0;   80.38;   25.8;   13.4;   11.7;eor
         44;20200819;-999;-999;-999;    3;   0.0;   0;   11.450;-999;  -999;  16.7;    -999;   19.8;   74.54;   27.2;   12.3;   10.4;eor
         44;20200820;-999;-999;-999;    3;   2.0;   4;    3.150;-999;  -999;  20.7;    -999;   22.6;   75.58;   28.6;   18.1;   17.1;eor
         44;20200821;-999;-999;-999;    3;   1.7;   4;    3.033;-999;  -999;  22.6;    -999;   22.8;   82.38;   29.5;   16.9;   15.2;eor
         44;20200822;-999;-999;-999;    3;   6.4;   4;    4.483;-999;  -999;  17.3;    -999;   19.1;   80.29;   25.5;   15.8;   14.5;eor
         44;20200823;-999;-999;-999;    3;   4.4;   4;    4.183;-999;  -999;  15.7;    -999;   16.5;   83.83;   21.1;   13.0;   11.2;eor
         44;20200824;-999;-999;-999;    3;   1.4;   4;    1.500;-999;  -999;  15.4;    -999;   15.3;   88.17;   19.3;   12.4;   10.4;eor
         44;20200825;-999;-999;-999;    3;   7.1;   4;    4.000;-999;  -999;  15.3;    -999;   15.1;   89.25;   19.7;    9.1;    7.1;eor
         44;20200826;-999;-999;-999;    3;   7.9;   4;    0.050;-999;  -999;  16.6;    -999;   16.0;   91.25;   18.2;   14.4;   13.2;eor
         44;20200827;-999;-999;-999;    3;   0.3;   4;    5.333;-999;  -999;  14.3;    -999;   15.4;   82.67;   19.2;   12.3;   11.2;eor
         44;20200828;-999;-999;-999;    3;   2.6;   4;    4.700;-999;  -999;  14.9;    -999;   16.2;   81.04;   21.5;   11.7;    9.5;eor
         44;20200829;-999;-999;-999;    3;   0.0;   4;    6.083;-999;  -999;  14.0;    -999;   15.2;   82.75;   21.0;   10.2;    7.9;eor
         44;20200830;-999;-999;-999;    3;   0.0;   0;    9.200;-999;  -999;  13.8;    -999;   15.5;   80.21;   23.8;    7.9;    6.1;eor
         44;20200831;-999;-999;-999;    3;   0.0;   0;    5.417;-999;  -999;  13.0;    -999;   15.6;   74.54;   20.8;   11.6;    9.3;eor
         44;20200901;-999;-999;-999;    3;   0.0;   0;   10.433;-999;  -999;  11.8;    -999;   14.5;   74.83;   21.7;    7.3;    5.1;eor
         44;20200902;-999;-999;-999;    3;   0.0;   0;    8.533;-999;  -999;  12.0;    -999;   13.5;   80.00;   22.3;    5.6;    3.4;eor
         44;20200903;-999;-999;-999;    3;  19.9;   4;    0.000;-999;  -999;  14.4;    -999;   13.1;   94.50;   16.4;    7.9;    6.1;eor
         44;20200904;-999;-999;-999;    1;   0.5;   4;    3.817;-999;  -999;  16.4;    -999;   17.1;   84.63;   22.4;   14.1;   13.1;eor
         44;20200905;-999;-999;-999;    1;   1.1;   4;    2.767;-999;  -999;  13.5;    -999;   14.5;   82.21;   18.5;   11.0;    9.1;eor
         44;20200906;-999;-999;-999;    1;   0.3;   4;    4.733;-999;  -999;  12.8;    -999;   13.4;   83.13;   18.1;   10.2;    8.7;eor
         44;20200907;-999;-999;-999;    1;   0.0;   0;    4.000;-999;  -999;  13.4;    -999;   14.0;   84.96;   19.4;   10.3;    8.3;eor
         44;20200908;-999;-999;-999;    1;   0.0;   0;    0.250;-999;  -999;  16.4;    -999;   16.0;   89.25;   18.2;   12.6;   10.2;eor
         44;20200909;-999;-999;-999;    1;   2.4;   4;    0.017;-999;  -999;  18.1;    -999;   17.0;   92.58;   20.2;   11.6;    9.3;eor
         44;20200910;-999;-999;-999;    1;   0.0;   4;    4.133;-999;  -999;  12.6;    -999;   13.5;   82.63;   18.6;    9.0;    6.6;eor
         44;20200911;-999;-999;-999;    1;   0.0;   4;    5.550;-999;  -999;  12.7;    -999;   13.6;   83.54;   20.4;    8.7;    6.4;eor
         44;20200912;-999;-999;-999;    1;   0.3;   4;    3.867;-999;  -999;  13.1;    -999;   13.2;   86.96;   18.9;    7.5;    5.3;eor
         44;20200913;-999;-999;-999;    1;   0.0;   0;    8.167;-999;  -999;  14.6;    -999;   15.8;   82.83;   23.7;    9.7;    7.2;eor
         44;20200914;-999;-999;-999;    1;   0.0;   0;   11.300;-999;  -999;  16.3;    -999;   18.4;   80.04;   29.2;    9.1;    7.0;eor
         44;20200915;-999;-999;-999;    1;   0.0;   0;   10.800;-999;  -999;  18.3;    -999;   20.7;   78.42;   30.5;   13.2;   10.4;eor
         44;20200916;-999;-999;-999;    1;   0.0;   0;-999;-999;  -999;  16.1;    -999;   16.7;   85.21;   23.3;    8.9;    5.7;eor
         44;20200917;-999;-999;-999;    1;   0.0;   0;-999;-999;  -999;   9.7;    -999;   11.3;   75.42;   18.4;    5.1;    1.6;eor
         44;20200918;-999;-999;-999;    1;   0.0;   0;-999;-999;  -999;   9.0;    -999;   11.2;   71.38;   20.0;    3.0;   -0.1;eor
         44;20200919;-999;-999;-999;    1;   0.0;   0;-999;-999;  -999;   9.0;    -999;   12.8;   65.08;   22.9;    3.9;    1.0;eor
         44;20200920;-999;-999;-999;    1;   0.0;   0;-999;-999;  -999;  10.2;    -999;   12.4;   74.13;   22.9;    3.4;    0.0;eor
         44;20200921;-999;-999;-999;    1;   0.0;   0;-999;-999;  -999;  11.4;    -999;   13.5;   77.17;   25.1;    4.5;    1.3;eor
         44;20200922;-999;-999;-999;    1;   0.0;   0;-999;-999;  -999;  12.1;    -999;   14.4;   78.04;   25.0;    6.1;    3.6;eor
         44;20200923;-999;-999;-999;    1;   1.8;   4;-999;-999;  -999;  13.2;    -999;   15.7;   75.92;   24.2;    7.2;    4.4;eor
         44;20200924;-999;-999;-999;    1;   0.6;   4;-999;-999;  -999;  12.1;    -999;   14.7;   72.96;   19.6;    9.4;    7.9;eor
         44;20200925;-999;-999;-999;    1;   0.1;   4;-999;-999;  -999;  10.4;    -999;   11.5;   77.67;   16.0;    6.1;    2.9;eor
         44;20200926;-999;-999;-999;    1;   9.6;   4;-999;-999;  -999;  10.8;    -999;   10.2;   86.71;   15.5;    3.5;    1.2;eor
         44;20200927;-999;-999;-999;    1;   0.4;   4;-999;-999;  -999;  12.4;    -999;   11.8;   89.25;   15.2;    9.7;    9.5;eor
         44;20200928;-999;-999;-999;    1;   0.4;   4;    0.000;-999;  -999;  12.8;    -999;   11.9;   91.54;   13.8;   10.7;    8.8;eor
         44;20200929;-999;-999;-999;    1;   0.8;   4;    0.000;-999;  -999;  12.8;    -999;   11.5;   93.38;   14.5;    6.9;    4.5;eor
         44;20200930;-999;-999;-999;    1;   0.0;   0;    3.100;-999;  -999;  15.1;    -999;   14.8;   90.33;   18.9;   12.1;   11.3;eor
         44;20201001;-999;-999;-999;    1;   1.9;   4;    2.450;   0;  -999;  13.8;    -999;   14.2;   85.67;   18.3;    9.9;    7.3;eor
         44;20201002;-999;-999;-999;    1;   0.0;   4;    6.850;   0;  -999;  12.9;    -999;   13.1;   85.58;   17.9;    7.4;    4.5;eor
         44;20201003;-999;-999;-999;    1;   7.2;   4;    0.000;   0;  -999;  14.1;    -999;   14.0;   87.71;   17.4;    9.2;    7.9;eor
         44;20201004;-999;-999;-999;    1;   0.2;   4;    3.683;   0;  -999;  10.6;    -999;   11.5;   78.17;   15.4;    8.3;    6.9;eor
         44;20201005;-999;-999;-999;    1;   1.9;   4;    1.967;   0;  -999;  10.7;    -999;   11.6;   78.17;   14.9;    8.7;    6.4;eor
         44;20201006;-999;-999;-999;    1;   4.6;   4;    0.733;   0;  -999;  12.8;    -999;   12.1;   90.42;   15.2;    9.5;    7.6;eor
         44;20201007;-999;-999;-999;    1;   3.3;   4;    2.133;   0;  -999;  12.7;    -999;   11.9;   91.58;   15.7;   10.0;    8.5;eor
         44;20201008;-999;-999;-999;    1;  14.4;   4;    0.000;   0;  -999;  13.5;    -999;   12.0;   95.13;   15.0;    9.5;    8.4;eor
         44;20201009;-999;-999;-999;    1;   2.2;   4;    2.533;   0;  -999;  11.9;    -999;   11.4;   88.46;   14.0;    8.8;    7.3;eor
         44;20201010;-999;-999;-999;    1;   3.6;   4;    4.183;   0;  -999;   9.9;    -999;    8.4;   89.42;   12.1;    5.6;    4.0;eor
         44;20201011;-999;-999;-999;    1;   0.8;   4;    3.500;   0;  -999;   9.9;    -999;    7.8;   92.96;   11.6;    5.2;    3.7;eor
         44;20201012;-999;-999;-999;    1;   0.0;   4;    1.650;   0;  -999;  10.1;    -999;    8.4;   91.79;   14.6;    4.8;    1.6;eor
         44;20201013;-999;-999;-999;    1;   0.0;   0;    6.600;   0;  -999;   9.3;    -999;    7.9;   87.46;   13.8;    3.0;    0.3;eor
         44;20201014;-999;-999;-999;    1;   0.0;   0;    0.000;   0;  -999;   9.5;    -999;    8.8;   84.25;   10.6;    6.9;    4.9;eor
         44;20201015;-999;-999;-999;    1;   0.0;   0;    3.433;   0;  -999;   8.9;    -999;    8.9;   78.54;   12.8;    7.2;    5.9;eor
         44;20201016;-999;-999;-999;    1;   0.0;   0;    4.850;   0;  -999;   8.8;    -999;    8.1;   82.21;   11.8;    5.9;    3.9;eor
         44;20201017;-999;-999;-999;    1;   0.0;   0;    1.250;   0;  -999;   9.6;    -999;    7.8;   91.25;   12.9;    4.6;    2.2;eor
         44;20201018;-999;-999;-999;    1;   0.2;   4;    0.233;   0;  -999;  10.0;    -999;    8.4;   90.83;   11.1;    5.4;    3.5;eor
         44;20201019;-999;-999;-999;    1;   0.0;   0;    1.200;   0;  -999;  10.1;    -999;    8.7;   90.04;   12.2;    6.1;    2.9;eor
         44;20201020;-999;-999;-999;    1;   4.1;   4;    0.017;   0;  -999;  10.6;    -999;    9.5;   86.46;   13.2;    5.2;    2.6;eor
         44;20201021;-999;-999;-999;    1;   4.0;   4;    1.400;   0;  -999;  13.9;    -999;   14.7;   84.46;   19.3;   11.8;   11.3;eor
         44;20201022;-999;-999;-999;    1;   0.0;   0;    4.783;   0;  -999;  13.2;    -999;   14.7;   79.33;   18.3;   11.1;    7.3;eor
         44;20201023;-999;-999;-999;    1;   0.2;   4;    1.333;   0;  -999;  13.2;    -999;   12.2;   93.04;   14.6;    9.7;    5.7;eor
         44;20201024;-999;-999;-999;    1;   0.8;   4;    0.600;   0;  -999;  13.0;    -999;   12.8;   88.13;   14.4;   11.7;   10.0;eor
         44;20201025;-999;-999;-999;    1;   1.8;   4;    0.033;   0;  -999;  12.8;    -999;   13.2;   84.79;   15.1;    9.6;    7.4;eor
         44;20201026;-999;-999;-999;    1;   0.3;   4;    0.900;   0;  -999;  10.5;    -999;    9.9;   85.96;   12.4;    8.2;    5.5;eor
         44;20201027;-999;-999;-999;    1;   1.9;   4;    1.217;   0;  -999;   9.9;    -999;   10.3;   79.29;   12.6;    8.2;    6.5;eor
         44;20201028;-999;-999;-999;    1;   6.2;   4;    2.817;   0;  -999;  11.3;    -999;   10.4;   90.08;   13.6;    8.6;    7.5;eor
         44;20201029;-999;-999;-999;    1;   9.2;   4;    3.217;   0;  -999;  10.7;    -999;    9.7;   89.25;   12.1;    7.6;    6.5;eor
         44;20201030;-999;-999;-999;    1;   9.5;   4;    0.000;   0;  -999;  15.1;    -999;   13.4;   98.00;   14.1;   11.0;   10.7;eor
         44;20201031;-999;-999;-999;    1;   1.8;   4;    0.967;   0;  -999;  14.4;    -999;   13.3;   93.92;   15.0;   11.6;   10.8;eor
         44;20201101;-999;-999;-999;    1;   0.7;   4;    2.500;   0;  -999;  13.8;    -999;   13.5;   88.38;   17.3;   10.0;    8.6;eor
         44;20201102;-999;-999;-999;    1;   4.4;   4;    0.533;   0;  -999;  16.3;    -999;   16.5;   85.92;   19.6;   11.0;    8.9;eor
         44;20201103;-999;-999;-999;    1;   0.0;   0;    7.950;   0;  -999;   9.2;    -999;    9.8;   76.33;   12.2;    7.3;    5.1;eor
         44;20201104;-999;-999;-999;    1;   0.0;   0;    7.767;   0;  -999;   8.7;    -999;    7.3;   84.63;   11.7;    4.2;    1.3;eor
         44;20201105;-999;-999;-999;    1;   0.0;   0;    3.317;   0;  -999;   9.1;    -999;    7.4;   88.13;   10.7;    3.5;    1.6;eor
         44;20201106;-999;-999;-999;    1;   0.0;   0;    0.000;   0;  -999;  10.4;    -999;    8.8;   91.67;   11.4;    6.0;    3.7;eor
         44;20201107;-999;-999;-999;    1;   0.0;   0;    7.633;   0;  -999;   9.0;    -999;    7.0;   90.38;   12.5;    3.3;    0.8;eor
         44;20201108;-999;-999;-999;    1;   0.0;   0;    7.783;   0;  -999;   8.9;    -999;    6.7;   91.08;   12.5;    2.3;    0.0;eor
         44;20201109;-999;-999;-999;    1;   0.0;   0;    0.000;   0;  -999;   8.8;    -999;    5.5;   97.54;    6.9;    4.0;    1.7;eor
         44;20201110;-999;-999;-999;    1;   0.0;   4;    0.000;   0;  -999;   8.7;    -999;    5.0;   99.96;    5.7;    4.3;    4.6;eor
         44;20201111;-999;-999;-999;    1;   0.2;   4;    0.000;   0;  -999;  10.8;    -999;    8.0;  100.00;   10.2;    5.2;    5.4;eor
         44;20201112;-999;-999;-999;    1;   2.4;   4;    1.100;   0;  -999;  10.6;    -999;    8.7;   94.13;   12.2;    5.9;    4.5;eor
         44;20201113;-999;-999;-999;    1;   0.0;   0;    5.533;   0;  -999;  10.3;    -999;    8.5;   91.83;   11.7;    3.6;    0.3;eor
         44;20201114;-999;-999;-999;    1;   0.5;   4;    0.000;   0;  -999;  12.8;    -999;   11.5;   94.38;   13.8;    9.6;    6.1;eor
         44;20201115;-999;-999;-999;    1;   4.8;   4;    3.733;   0;  -999;  11.8;    -999;   12.8;   80.50;   16.8;    7.9;    6.1;eor
