STATIONS_ID;MESS_DATUM;QN_3;  FX;  FM;QN_4; RSK;RSKF; SDK;SHK_TAG;  NM; VPM;  PM; TMK; UPM; TXK; TNK; TGK;eor
         78;20190516;-999;-999;-999;    3;   0.9;   4;-999;-999;  -999;   8.5;    -999;    9.6;   70.83;   12.7;    7.8;    6.6;eor
         78;20190517;-999;-999;-999;    3;   0.0;   0;-999;-999;  -999;  10.8;    -999;   11.8;   79.13;   15.4;    8.0;    4.3;eor
         78;20190518;-999;-999;-999;    3;   0.0;   0;-999;-999;  -999;  11.0;    -999;   14.9;   68.75;   23.1;    5.7;    2.8;eor
         78;20190519;-999;-999;-999;    3;   0.3;   4;-999;-999;  -999;  12.1;    -999;   16.6;   67.17;   25.2;    7.8;    4.7;eor
         78;20190520;-999;-999;-999;    3;   0.4;   4;-999;-999;  -999;  15.1;    -999;   15.6;   86.04;   21.0;   12.5;   10.3;eor
         78;20190521;-999;-999;-999;    3;   0.0;   4;-999;-999;  -999;  13.7;    -999;   13.9;   86.88;   17.0;   11.9;   11.9;eor
         78;20190522;-999;-999;-999;    3;   0.0;   0;-999;-999;  -999;  10.3;    -999;   12.9;   70.92;   18.2;    6.7;    2.8;eor
         78;20190523;-999;-999;-999;    3;   0.0;   0;-999;-999;  -999;   8.7;    -999;   14.6;   56.96;   21.9;    4.4;    1.0;eor
         78;20190524;-999;-999;-999;    3;   0.0;   0;-999;-999;  -999;  10.2;    -999;   15.9;   60.79;   24.1;    7.4;    3.2;eor
         78;20190525;-999;-999;-999;    3;   0.0;   0;-999;-999;  -999;  10.0;    -999;   12.1;   71.75;   17.8;    6.9;    2.9;eor
         78;20190526;-999;-999;-999;    3;   2.0;   4;-999;-999;  -999;  11.9;    -999;   16.1;   66.42;   21.7;    6.9;    4.0;eor
         78;20190527;-999;-999;-999;    3;   0.0;   0;-999;-999;  -999;  11.5;    -999;   14.3;   72.29;   18.4;    7.5;    5.0;eor
         78;20190528;-999;-999;-999;    3;   2.6;   4;-999;-999;  -999;  10.1;    -999;   10.8;   77.83;   14.1;    4.1;    1.2;eor
         78;20190529;-999;-999;-999;    3;   0.0;   0;-999;-999;  -999;   7.8;    -999;   10.9;   64.38;   18.7;    1.8;   -0.5;eor
         78;20190530;-999;-999;-999;    3;   0.8;   4;-999;-999;  -999;  12.9;    -999;   15.4;   72.38;   19.2;    9.1;    5.5;eor
         78;20190531;-999;-999;-999;    3;   0.0;   0;-999;-999;  -999;  14.7;    -999;   18.5;   70.42;   24.0;   10.9;    8.2;eor
         78;20190601;-999;-999;-999;    3;   0.0;   0;-999;-999;  -999;  14.0;    -999;   18.6;   68.67;   26.7;    9.7;    7.3;eor
         78;20190602;-999;-999;-999;    3;   1.4;   4;-999;-999;  -999;  14.9;    -999;   22.5;   60.54;   31.3;   12.2;    9.7;eor
         78;20190603;-999;-999;-999;    3;   5.0;   4;-999;-999;  -999;  16.2;    -999;   18.5;   76.83;   23.6;   12.9;   10.8;eor
         78;20190604;-999;-999;-999;    3;   0.0;   0;-999;-999;  -999;  17.3;    -999;   19.7;   76.88;   24.4;   12.4;   10.9;eor
         78;20190605;-999;-999;-999;    3;   0.2;   4;-999;-999;  -999;  16.8;    -999;   22.7;   61.92;   27.9;   18.3;   15.8;eor
         78;20190606;-999;-999;-999;    3;   0.0;   0;-999;-999;  -999;  13.6;    -999;   15.6;   76.92;   21.2;    8.3;    5.9;eor
         78;20190607;-999;-999;-999;    3;   1.6;   4;-999;-999;  -999;  12.5;    -999;   16.2;   70.29;   24.2;    7.4;    4.5;eor
         78;20190608;-999;-999;-999;    3;   0.5;   4;-999;-999;  -999;  10.2;    -999;   15.1;   59.58;   19.6;   11.8;    9.3;eor
         78;20190609;-999;-999;-999;    3;   0.8;   4;-999;-999;  -999;  10.2;    -999;   16.3;   58.42;   22.7;    9.0;    5.2;eor
         78;20190610;-999;-999;-999;    3;   8.1;   4;-999;-999;  -999;  15.3;    -999;   17.7;   76.33;   24.9;   13.1;   11.8;eor
         78;20190611;-999;-999;-999;    3;   0.0;   4;-999;-999;  -999;  15.1;    -999;   16.9;   80.13;   22.0;   13.6;   12.4;eor
         78;20190612;-999;-999;-999;    3;   8.7;   4;-999;-999;  -999;  15.6;    -999;   15.5;   88.21;   18.3;    9.9;    8.0;eor
         78;20190613;-999;-999;-999;    3;   1.3;   4;-999;-999;  -999;  11.9;    -999;   15.6;   70.50;   21.2;    9.3;    7.1;eor
         78;20190614;-999;-999;-999;    3;   5.4;   4;-999;-999;  -999;  14.0;    -999;   19.4;   64.79;   26.5;    9.7;    7.8;eor
         78;20190615;-999;-999;-999;    3;   0.1;   4;-999;-999;  -999;  16.8;    -999;   18.1;   81.33;   21.5;   11.6;    9.7;eor
         78;20190616;-999;-999;-999;    3;   0.2;   4;-999;-999;  -999;  13.9;    -999;   17.1;   74.00;   23.7;   10.6;    9.0;eor
         78;20190617;-999;-999;-999;    3;   0.0;   0;-999;-999;  -999;  14.1;    -999;   19.1;   67.88;   26.6;   10.8;    8.6;eor
         78;20190618;-999;-999;-999;    3;   0.0;   0;-999;-999;  -999;  15.8;    -999;   22.3;   62.75;   28.9;   13.8;   11.7;eor
         78;20190619;-999;-999;-999;    3;  15.8;   4;-999;-999;  -999;  17.7;    -999;   21.5;   72.29;   30.3;   14.5;   12.5;eor
         78;20190620;-999;-999;-999;    3;   4.2;   4;-999;-999;  -999;  16.8;    -999;   18.0;   82.33;   22.3;   13.6;   12.5;eor
         78;20190621;-999;-999;-999;    3;   0.0;   0;-999;-999;  -999;  13.4;    -999;   16.6;   73.25;   22.4;   11.6;    9.4;eor
         78;20190622;-999;-999;-999;    3;   0.0;   0;-999;-999;  -999;  13.0;    -999;   17.5;   67.25;   23.7;   10.3;    7.7;eor
         78;20190623;-999;-999;-999;    3;   0.0;   0;-999;-999;  -999;  14.3;    -999;   20.8;   60.88;   27.8;   12.9;   11.6;eor
         78;20190624;-999;-999;-999;    3;   0.0;   0;-999;-999;  -999;  15.6;    -999;   23.6;   55.63;   30.0;   16.0;   13.6;eor
         78;20190625;-999;-999;-999;    3;   0.0;   0;-999;-999;  -999;  18.1;    -999;   26.0;   57.75;   35.0;   16.2;   14.3;eor
         78;20190626;-999;-999;-999;    3;   0.0;   0;-999;-999;  -999;  19.7;    -999;   23.2;   69.21;   28.6;   14.8;   14.2;eor
         78;20190627;-999;-999;-999;    3;   0.0;   0;-999;-999;  -999;  12.4;    -999;   15.9;   68.71;   20.0;   12.3;   12.4;eor
         78;20190628;-999;-999;-999;    3;   0.0;   0;-999;-999;  -999;  12.3;    -999;   17.3;   64.13;   24.0;   12.8;    9.6;eor
         78;20190629;-999;-999;-999;    3;   0.0;   0;-999;-999;  -999;  13.3;    -999;   21.9;   57.96;   32.5;   10.7;    8.0;eor
         78;20190630;-999;-999;-999;    3;   0.0;   0;-999;-999;  -999;  15.2;    -999;   23.4;   55.29;   33.0;   14.2;   11.1;eor
         78;20190701;-999;-999;-999;    3;   0.0;   0;-999;-999;  -999;  12.9;    -999;   18.6;   62.42;   25.1;   12.6;    9.8;eor
         78;20190702;-999;-999;-999;    3;   0.0;   0;-999;-999;  -999;  11.1;    -999;   16.0;   62.88;   21.0;    8.0;    5.2;eor
         78;20190703;-999;-999;-999;    3;   0.0;   0;-999;-999;  -999;   9.7;    -999;   13.8;   64.96;   20.3;    6.7;    3.6;eor
         78;20190704;-999;-999;-999;    3;   0.0;   0;-999;-999;  -999;  10.6;    -999;   16.0;   61.50;   23.2;    5.8;    2.9;eor
         78;20190705;-999;-999;-999;    3;   0.0;   0;-999;-999;  -999;  12.9;    -999;   18.4;   62.38;   23.2;   12.1;    9.2;eor
         78;20190706;-999;-999;-999;    3;   2.8;   4;-999;-999;  -999;  13.9;    -999;   15.5;   80.21;   22.2;   10.0;    7.8;eor
         78;20190707;-999;-999;-999;    3;   0.0;   4;-999;-999;  -999;  10.7;    -999;   13.2;   72.00;   17.8;    7.6;    4.6;eor
         78;20190708;-999;-999;-999;    3;   0.7;   4;-999;-999;  -999;  10.8;    -999;   13.0;   72.38;   17.0;    8.5;    5.8;eor
         78;20190709;-999;-999;-999;    3;   1.1;   4;-999;-999;  -999;  11.4;    -999;   13.6;   74.08;   18.7;    7.9;    4.9;eor
         78;20190710;-999;-999;-999;    3;   0.2;   4;-999;-999;  -999;  10.9;    -999;   13.9;   71.29;   19.8;    6.1;    3.5;eor
         78;20190711;-999;-999;-999;    3;   0.9;   4;-999;-999;  -999;  15.4;    -999;   15.9;   85.50;   20.2;   12.5;   11.7;eor
         78;20190712;-999;-999;-999;    3;   5.3;   4;-999;-999;  -999;  16.6;    -999;   16.7;   88.04;   23.0;   13.6;   13.2;eor
         78;20190713;-999;-999;-999;    3;   1.0;   4;-999;-999;  -999;  14.9;    -999;   16.2;   81.54;   20.5;   12.9;   12.7;eor
         78;20190714;-999;-999;-999;    3;   0.1;   4;-999;-999;  -999;  13.2;    -999;   14.1;   82.42;   16.8;   12.0;   11.6;eor
         78;20190715;-999;-999;-999;    3;   0.0;   0;-999;-999;  -999;  12.1;    -999;   14.8;   73.17;   19.6;   12.0;    8.7;eor
         78;20190716;-999;-999;-999;    3;   0.0;   0;-999;-999;  -999;  13.9;    -999;   14.7;   82.63;   17.4;   12.8;   12.7;eor
         78;20190717;-999;-999;-999;    3;   0.0;   0;-999;-999;  -999;  13.7;    -999;   16.9;   73.04;   21.9;   11.2;    8.9;eor
         78;20190718;-999;-999;-999;    3;   0.0;   4;-999;-999;  -999;  13.2;    -999;   19.2;   63.25;   26.1;    9.1;    6.8;eor
         78;20190719;-999;-999;-999;    3;   0.0;   0;-999;-999;  -999;  14.9;    -999;   20.1;   65.04;   25.8;   14.1;   11.7;eor
         78;20190720;-999;-999;-999;    3;   7.7;   4;-999;-999;  -999;  16.5;    -999;   18.9;   78.04;   28.7;   13.4;   11.1;eor
         78;20190721;-999;-999;-999;    3;   0.0;   0;-999;-999;  -999;  15.0;    -999;   18.9;   71.21;   24.5;   12.6;   10.5;eor
         78;20190722;-999;-999;-999;    3;   0.0;   0;-999;-999;  -999;  15.9;    -999;   20.3;   68.88;   27.9;   12.2;   10.3;eor
         78;20190723;-999;-999;-999;    3;   0.0;   0;-999;-999;  -999;  17.0;    -999;   24.2;   62.08;   33.5;   14.6;   12.7;eor
         78;20190724;-999;-999;-999;    3;   0.0;   0;-999;-999;  -999;  17.2;    -999;   27.2;   52.79;   36.4;   17.3;   14.5;eor
         78;20190725;-999;-999;-999;    3;   0.0;   0;-999;-999;  -999;  17.6;    -999;   29.9;   46.79;   39.2;   19.2;   16.8;eor
         78;20190726;-999;-999;-999;    3;   0.0;   0;-999;-999;  -999;  15.7;    -999;   27.4;   44.67;   33.9;   21.0;   17.5;eor
         78;20190727;-999;-999;-999;    3;   0.0;   0;-999;-999;  -999;  14.5;    -999;   25.2;   46.88;   31.3;   18.2;   16.8;eor
         78;20190728;-999;-999;-999;    3;   0.0;   0;-999;-999;  -999;  16.7;    -999;   23.4;   59.96;   30.3;   17.2;   16.0;eor
         78;20190729;-999;-999;-999;    3;   0.7;   4;-999;-999;  -999;  17.0;    -999;   20.8;   70.38;   26.6;   16.1;   13.2;eor
         78;20190730;-999;-999;-999;    3;   0.9;   4;-999;-999;  -999;  14.4;    -999;   23.0;   56.21;   31.1;   13.1;   10.7;eor
         78;20190731;-999;-999;-999;    3;   1.4;   4;-999;-999;  -999;  15.9;    -999;   18.5;   76.38;   24.5;   12.7;   10.4;eor
         78;20190801;-999;-999;-999;    3;   2.6;   4;-999;-999;  -999;  15.0;    -999;   17.8;   76.83;   26.1;   11.4;    9.2;eor
         78;20190802;-999;-999;-999;    3;   0.1;   4;-999;-999;  -999;  15.6;    -999;   18.6;   75.46;   25.9;   12.8;   11.3;eor
         78;20190803;-999;-999;-999;    3;   0.0;   0;-999;-999;  -999;  15.6;    -999;   17.9;   77.38;   22.7;   13.1;   10.6;eor
         78;20190804;-999;-999;-999;    3;   0.0;   0;-999;-999;  -999;  14.4;    -999;   19.9;   64.33;   25.9;   14.9;   14.3;eor
         78;20190805;-999;-999;-999;    3;   0.1;   4;-999;-999;  -999;  16.5;    -999;   20.4;   70.04;   27.4;   15.8;   14.8;eor
         78;20190806;-999;-999;-999;    3;   0.0;   0;-999;-999;  -999;  14.1;    -999;   19.8;   63.13;   25.7;   13.3;   10.9;eor
         78;20190807;-999;-999;-999;    3;   0.0;   4;-999;-999;  -999;  13.8;    -999;   19.0;   64.63;   24.7;   12.4;    9.5;eor
         78;20190808;-999;-999;-999;    3;   0.0;   0;-999;-999;  -999;  13.3;    -999;   18.2;   65.50;   25.1;   11.4;    8.3;eor
         78;20190809;-999;-999;-999;    3;   4.0;   4;-999;-999;  -999;  17.7;    -999;   18.2;   83.42;   24.4;   10.1;    7.4;eor
         78;20190810;-999;-999;-999;    3;   0.1;   4;-999;-999;  -999;  15.3;    -999;   21.3;   61.17;   25.4;   18.5;   16.3;eor
         78;20190811;-999;-999;-999;    3;   0.0;   0;-999;-999;  -999;  11.7;    -999;   19.8;   51.25;   24.7;   15.8;   12.9;eor
         78;20190812;-999;-999;-999;    3;   3.1;   4;-999;-999;  -999;  12.7;    -999;   17.0;   69.42;   24.7;   10.7;    6.9;eor
         78;20190813;-999;-999;-999;    3;   3.8;   4;-999;-999;  -999;  12.9;    -999;   13.8;   82.58;   18.8;    9.2;    6.7;eor
         78;20190814;-999;-999;-999;    3;   2.9;   4;-999;-999;  -999;  11.3;    -999;   15.6;   68.46;   22.6;    8.4;    5.9;eor
         78;20190815;-999;-999;-999;    3;   6.9;   4;-999;-999;  -999;  16.6;    -999;   16.3;   89.38;   21.2;   13.1;   12.8;eor
         78;20190816;-999;-999;-999;    3;   0.6;   4;-999;-999;  -999;  14.1;    -999;   17.5;   72.00;   22.3;   13.1;   11.3;eor
         78;20190817;-999;-999;-999;    3;  21.0;   4;-999;-999;  -999;  17.5;    -999;   18.0;   84.75;   20.3;   15.8;   14.8;eor
         78;20190818;-999;-999;-999;    3;   3.8;   4;-999;-999;  -999;  16.9;    -999;   15.7;   94.63;   17.2;   13.8;   12.1;eor
         78;20190819;-999;-999;-999;    3;   1.9;   4;-999;-999;  -999;  13.9;    -999;   16.3;   77.50;   22.2;   11.2;    9.7;eor
         78;20190820;-999;-999;-999;    3;   1.3;   4;-999;-999;  -999;  13.3;    -999;   15.2;   80.00;   22.4;    9.8;    7.6;eor
         78;20190821;-999;-999;-999;    3;   0.0;   0;-999;-999;  -999;  12.2;    -999;   15.6;   72.96;   22.5;    9.2;    7.3;eor
         78;20190822;-999;-999;-999;    3;   0.0;   0;-999;-999;  -999;  12.4;    -999;   18.3;   63.42;   26.4;    9.6;    6.7;eor
         78;20190823;-999;-999;-999;    3;   0.0;   0;-999;-999;  -999;  12.8;    -999;   19.6;   60.46;   27.3;   10.7;    8.0;eor
         78;20190824;-999;-999;-999;    3;   0.0;   0;-999;-999;  -999;  13.6;    -999;   21.0;   58.13;   29.4;   13.1;    9.4;eor
         78;20190825;-999;-999;-999;    3;   0.0;   0;-999;-999;  -999;  16.8;    -999;   22.8;   62.83;   30.4;   13.9;   10.9;eor
         78;20190826;-999;-999;-999;    3;   0.0;   0;-999;-999;  -999;  18.6;    -999;   24.8;   62.17;   32.9;   18.5;   16.2;eor
         78;20190827;-999;-999;-999;    3;   0.0;   0;-999;-999;  -999;  17.7;    -999;   24.7;   60.79;   33.0;   16.1;   13.7;eor
         78;20190828;-999;-999;-999;    3;  24.9;   4;-999;-999;  -999;  17.9;    -999;   24.9;   60.71;   33.3;   17.9;   15.8;eor
         78;20190829;-999;-999;-999;    3;   0.0;   0;-999;-999;  -999;  18.4;    -999;   19.7;   81.54;   24.6;   16.2;   14.9;eor
         78;20190830;-999;-999;-999;    3;   0.0;   0;-999;-999;  -999;  14.8;    -999;   17.7;   76.63;   24.3;   12.6;   11.1;eor
         78;20190831;-999;-999;-999;    3;  14.5;   4;-999;-999;  -999;  17.1;    -999;   21.2;   71.79;   30.9;   12.6;   10.8;eor
         78;20190901;-999;-999;-999;    3;   0.0;   0;-999;-999;  -999;  15.0;    -999;   16.6;   79.58;   19.7;    9.8;    8.5;eor
         78;20190902;-999;-999;-999;    3;   0.0;   0;-999;-999;  -999;  11.5;    -999;   13.8;   75.21;   20.1;    8.5;    6.8;eor
         78;20190903;-999;-999;-999;    3;   0.1;   4;-999;-999;  -999;  13.8;    -999;   15.6;   77.58;   20.2;   12.4;   11.4;eor
         78;20190904;-999;-999;-999;    3;   1.0;   4;-999;-999;  -999;  14.7;    -999;   16.2;   80.75;   21.0;   11.6;    9.6;eor
         78;20190905;-999;-999;-999;    3;   0.6;   4;-999;-999;  -999;  12.2;    -999;   13.2;   80.79;   17.5;    8.1;    6.3;eor
         78;20190906;-999;-999;-999;    3;   1.9;   4;-999;-999;  -999;  10.0;    -999;   13.2;   68.50;   18.5;    6.7;    4.9;eor
         78;20190907;-999;-999;-999;    3;   0.0;   0;-999;-999;  -999;  12.6;    -999;   14.3;   78.71;   19.0;    9.7;    7.8;eor
         78;20190908;-999;-999;-999;    3;   0.1;   4;-999;-999;  -999;  12.4;    -999;   12.4;   87.13;   18.2;    8.2;    6.7;eor
         78;20190909;-999;-999;-999;    3;   0.0;   0;-999;-999;  -999;  11.3;    -999;   12.2;   81.67;   18.7;    6.1;    4.5;eor
         78;20190910;-999;-999;-999;    3;   0.0;   0;-999;-999;  -999;  10.9;    -999;   12.4;   78.29;   19.6;    6.5;    4.2;eor
         78;20190911;-999;-999;-999;    3;   7.5;   4;-999;-999;  -999;  13.0;    -999;   12.9;   87.25;   19.1;    6.4;    4.5;eor
         78;20190912;-999;-999;-999;    3;   0.1;   4;-999;-999;  -999;  16.9;    -999;   17.9;   82.83;   21.8;   15.0;   14.5;eor
         78;20190913;-999;-999;-999;    3;   0.3;   4;-999;-999;  -999;  13.9;    -999;   16.3;   75.00;   20.2;    7.7;    5.0;eor
         78;20190914;-999;-999;-999;    3;   0.0;   0;-999;-999;  -999;  10.6;    -999;   11.8;   79.38;   19.1;    5.3;    3.6;eor
         78;20190915;-999;-999;-999;    3;   7.3;   4;-999;-999;  -999;  12.2;    -999;   14.5;   74.33;   22.8;    7.2;    5.0;eor
         78;20190916;-999;-999;-999;    3;   3.6;   4;-999;-999;  -999;  13.5;    -999;   12.5;   93.08;   15.2;    9.3;    7.4;eor
         78;20190917;-999;-999;-999;    3;   0.9;   4;-999;-999;  -999;  10.8;    -999;   11.2;   82.42;   16.1;    8.0;    6.1;eor
         78;20190918;-999;-999;-999;    3;   0.0;   0;-999;-999;  -999;   9.6;    -999;   10.6;   76.50;   16.3;    6.1;    4.5;eor
         78;20190919;-999;-999;-999;    3;   0.0;   0;-999;-999;  -999;   8.9;    -999;    9.9;   75.63;   16.3;    4.6;    2.3;eor
         78;20190920;-999;-999;-999;    3;   0.0;   0;-999;-999;  -999;   9.5;    -999;   10.1;   79.67;   17.7;    3.9;    1.9;eor
         78;20190921;-999;-999;-999;    3;   0.0;   0;-999;-999;  -999;  10.2;    -999;   12.8;   73.13;   22.3;    5.2;    2.7;eor
         78;20190922;-999;-999;-999;    3;   0.5;   4;-999;-999;  -999;  12.2;    -999;   16.3;   68.38;   25.4;    7.2;    4.1;eor
         78;20190923;-999;-999;-999;    3;   4.8;   4;-999;-999;  -999;  16.4;    -999;   15.6;   92.58;   18.3;   10.9;    8.5;eor
         78;20190924;-999;-999;-999;    3;   4.8;   4;-999;-999;  -999;  13.7;    -999;   14.5;   84.38;   20.3;    8.1;    6.4;eor
         78;20190925;-999;-999;-999;    3;   3.8;   4;-999;-999;  -999;  15.1;    -999;   14.0;   94.42;   17.5;   10.4;    9.1;eor
         78;20190926;-999;-999;-999;    3;  12.1;   4;-999;-999;  -999;  16.9;    -999;   15.6;   94.96;   16.8;   13.1;   13.0;eor
         78;20190927;-999;-999;-999;    3;   0.3;   4;-999;-999;  -999;  14.2;    -999;   15.2;   82.50;   18.7;   13.2;   12.1;eor
         78;20190928;-999;-999;-999;    3;  11.4;   4;-999;-999;  -999;  13.9;    -999;   14.9;   81.67;   17.9;   13.8;   12.4;eor
         78;20190929;-999;-999;-999;    3;  20.2;   4;-999;-999;  -999;  15.0;    -999;   14.0;   93.21;   15.5;   12.2;   11.8;eor
         78;20190930;-999;-999;-999;    3;  15.5;   4;-999;-999;  -999;  13.2;    -999;   13.1;   87.33;   16.1;    9.6;    8.0;eor
         78;20191001;-999;-999;-999;    3;  45.0;   4;-999;   0;  -999;  14.6;    -999;   13.3;   94.67;   17.1;    8.3;    8.1;eor
         78;20191002;-999;-999;-999;    3;   1.7;   4;-999;   0;  -999;  10.1;    -999;    9.6;   85.08;   13.5;    6.5;    4.9;eor
         78;20191003;-999;-999;-999;    3;   2.9;   4;-999;   0;  -999;  11.6;    -999;   10.1;   93.38;   13.5;    6.8;    4.8;eor
         78;20191004;-999;-999;-999;    3;  10.6;   4;-999;   0;  -999;  10.9;    -999;    8.8;   96.00;    9.9;    7.4;    6.0;eor
         78;20191005;-999;-999;-999;    3;   0.0;   0;-999;   0;  -999;   9.9;    -999;    8.7;   88.75;   13.2;    5.7;    4.0;eor
         78;20191006;-999;-999;-999;    3;   0.1;   4;-999;   0;  -999;   9.1;    -999;    7.6;   87.42;    9.9;    5.3;    3.7;eor
         78;20191007;-999;-999;-999;    3;   5.9;   4;-999;   0;  -999;   9.1;    -999;    8.3;   82.96;   12.9;    2.0;   -0.8;eor
         78;20191008;-999;-999;-999;    3;   1.8;   4;-999;   0;  -999;  13.2;    -999;   12.2;   92.29;   14.7;   10.0;    7.2;eor
         78;20191009;-999;-999;-999;    3;   2.9;   4;-999;   0;  -999;  11.8;    -999;   11.3;   88.58;   13.0;    8.5;    7.1;eor
         78;20191010;-999;-999;-999;    3;   1.8;   4;-999;   0;  -999;  11.0;    -999;   10.5;   86.88;   14.3;    7.9;    5.9;eor
         78;20191011;-999;-999;-999;    3;   1.0;   4;-999;   0;  -999;  13.0;    -999;   13.8;   82.50;   16.5;   11.5;   10.4;eor
         78;20191012;-999;-999;-999;    3;   2.2;   4;-999;   0;  -999;  13.8;    -999;   13.7;   87.92;   16.7;   10.1;    8.5;eor
         78;20191013;-999;-999;-999;    3;   3.9;   4;-999;   0;  -999;  16.2;    -999;   16.4;   86.92;   21.2;   10.4;    9.3;eor
         78;20191014;-999;-999;-999;    3;   0.0;   0;-999;   0;  -999;  14.6;    -999;   14.6;   88.21;   18.1;    9.9;    8.0;eor
         78;20191015;-999;-999;-999;    3;  13.0;   4;-999;   0;  -999;  14.9;    -999;   14.5;   90.79;   19.5;   10.1;    7.9;eor
         78;20191016;-999;-999;-999;    3;   4.8;   4;-999;   0;  -999;  13.8;    -999;   13.1;   92.08;   15.8;   11.6;   11.4;eor
         78;20191017;-999;-999;-999;    3;   3.4;   4;-999;   0;  -999;  14.9;    -999;   13.6;   95.33;   15.2;   12.9;   11.9;eor
         78;20191018;-999;-999;-999;    3;   2.2;   4;-999;   0;  -999;  12.2;    -999;   12.5;   83.71;   16.7;    9.4;    7.3;eor
         78;20191019;-999;-999;-999;    3;   2.5;   4;-999;   0;  -999;  11.7;    -999;   11.2;   87.33;   14.8;    6.9;    4.8;eor
         78;20191020;-999;-999;-999;    3;  11.3;   4;-999;   0;  -999;  12.5;    -999;   10.4;   98.38;   12.8;    7.8;    6.3;eor
         78;20191021;-999;-999;-999;    3;   0.0;   4;-999;   0;  -999;  13.3;    -999;   12.4;   92.42;   18.3;    8.4;    6.1;eor
         78;20191022;-999;-999;-999;    3;   0.0;   0;-999;   0;  -999;  12.0;    -999;   11.6;   87.79;   14.3;    7.2;    5.4;eor
         78;20191023;-999;-999;-999;    3;   0.0;   4;-999;   0;  -999;  12.6;    -999;   11.2;   94.25;   15.5;    7.6;    6.5;eor
         78;20191024;-999;-999;-999;    3;   0.5;   4;-999;   0;  -999;  13.2;    -999;   13.0;   88.63;   18.1;    7.9;    5.9;eor
         78;20191025;-999;-999;-999;    3;   0.0;   0;-999;   0;  -999;  12.2;    -999;   13.6;   79.00;   16.0;   11.7;    9.9;eor
         78;20191026;-999;-999;-999;    3;   4.0;   4;-999;   0;  -999;  13.0;    -999;   16.5;   69.63;   19.1;   13.5;   11.8;eor
         78;20191027;-999;-999;-999;    3;   0.0;   0;-999;   0;  -999;  10.2;    -999;    9.6;   84.58;   15.5;    5.4;    2.8;eor
         78;20191028;-999;-999;-999;    3;   0.0;   0;-999;   0;  -999;   8.5;    -999;    6.4;   88.83;   12.3;    3.0;    1.3;eor
         78;20191029;-999;-999;-999;    3;   0.0;   0;-999;   0;  -999;   7.6;    -999;    4.8;   88.58;   10.4;    0.5;   -2.1;eor
         78;20191030;-999;-999;-999;    3;   0.0;   0;-999;   0;  -999;   6.6;    -999;    2.9;   87.88;    8.6;   -0.8;   -4.3;eor
         78;20191031;-999;-999;-999;    3;   0.0;   0;-999;   0;  -999;   5.9;    -999;    1.9;   86.25;    8.3;   -2.2;   -5.5;eor
         78;20191101;-999;-999;-999;    3;   7.1;   4;-999;   0;  -999;   7.8;    -999;    3.6;   95.04;   10.3;   -2.3;   -5.7;eor
         78;20191102;-999;-999;-999;    3;   3.4;   4;-999;   0;  -999;  12.6;    -999;   12.5;   86.71;   15.2;   10.3;    9.5;eor
         78;20191103;-999;-999;-999;    3;   0.6;   4;-999;   0;  -999;  11.3;    -999;   11.3;   83.71;   13.6;    9.0;    7.8;eor
         78;20191104;-999;-999;-999;    3;   0.5;   4;-999;   0;  -999;  11.2;    -999;   10.1;   90.42;   13.1;    6.2;    3.6;eor
         78;20191105;-999;-999;-999;    3;   4.1;   4;-999;   0;  -999;  11.0;    -999;    9.0;   95.83;   10.6;    7.3;    6.3;eor
         78;20191106;-999;-999;-999;    3;   0.1;   4;-999;   0;  -999;   9.4;    -999;    6.7;   95.79;    8.6;    0.7;   -1.8;eor
         78;20191107;-999;-999;-999;    3;   2.4;   4;-999;   0;  -999;   8.7;    -999;    5.5;   95.04;    9.4;    0.6;   -2.1;eor
         78;20191108;-999;-999;-999;    3;   0.0;   0;-999;   0;  -999;   7.6;    -999;    4.1;   93.83;   10.1;    0.7;   -1.9;eor
         78;20191109;-999;-999;-999;    3;   0.0;   0;-999;   0;  -999;   7.5;    -999;    3.3;   96.13;    6.9;   -0.1;   -2.7;eor
         78;20191110;-999;-999;-999;    3;   0.0;   0;-999;   0;  -999;   6.5;    -999;    1.8;   92.96;    7.8;   -1.8;   -5.2;eor
         78;20191111;-999;-999;-999;    3;   0.0;   0;-999;   0;  -999;   6.7;    -999;    3.2;   87.04;    6.6;   -1.9;   -4.9;eor
         78;20191112;-999;-999;-999;    3;   2.2;   4;-999;   0;  -999;   7.6;    -999;    4.7;   89.46;    6.8;    1.8;   -1.3;eor
         78;20191113;-999;-999;-999;    3;   0.0;   4;-999;   0;  -999;   7.5;    -999;    4.4;   89.50;    7.3;    2.1;   -1.0;eor
         78;20191114;-999;-999;-999;    3;   0.0;   0;-999;   0;  -999;   7.2;    -999;    3.9;   89.08;    7.1;   -0.1;   -2.7;eor
         78;20191115;-999;-999;-999;    3;   0.0;   0;-999;   0;  -999;   7.5;    -999;    3.9;   92.25;    5.3;    1.8;   -0.3;eor
         78;20191116;-999;-999;-999;    3;   0.2;   4;-999;   0;  -999;   7.2;    -999;    3.8;   90.25;    6.7;    1.0;   -1.8;eor
         78;20191117;-999;-999;-999;    3;  12.8;   4;-999;   0;  -999;   6.7;    -999;    1.9;   94.88;    4.6;   -2.3;   -4.7;eor
         78;20191118;-999;-999;-999;    3;  35.9;   4;-999;   0;  -999;   9.0;    -999;    5.5;   99.04;    7.1;    4.6;    4.2;eor
         78;20191119;-999;-999;-999;    3;   0.1;   4;-999;   0;  -999;   8.4;    -999;    4.9;   96.92;    7.7;    0.0;   -1.9;eor
         78;20191120;-999;-999;-999;    3;   0.0;   0;-999;   0;  -999;   6.8;    -999;    1.5;  100.00;    2.2;    0.5;    0.3;eor
         78;20191121;-999;-999;-999;    3;   0.0;   4;-999;   0;  -999;   7.4;    -999;    2.6;  100.00;    4.4;    0.7;    0.9;eor
         78;20191122;-999;-999;-999;    3;   0.7;   4;-999;   0;  -999;   7.9;    -999;    3.9;   96.83;    8.2;    0.3;   -1.3;eor
         78;20191123;-999;-999;-999;    3;   0.0;   0;-999;   0;  -999;   8.4;    -999;    5.5;   93.00;    7.9;    3.0;    2.3;eor
         78;20191124;-999;-999;-999;    3;   0.0;   0;-999;   0;  -999;   8.3;    -999;    5.0;   95.21;    7.0;    3.8;    2.3;eor
         78;20191125;-999;-999;-999;    3;   0.0;   0;-999;   0;  -999;   8.3;    -999;    4.3;   99.58;    5.4;    3.2;    3.3;eor
         78;20191126;-999;-999;-999;    3;   0.3;   4;-999;   0;  -999;   9.7;    -999;    7.5;   92.71;   10.4;    1.9;    0.1;eor
         78;20191127;-999;-999;-999;    3;   3.1;   4;-999;   0;  -999;  10.7;    -999;    9.9;   87.75;   11.7;    8.4;    7.4;eor
         78;20191128;-999;-999;-999;    3;   8.8;   4;-999;   0;  -999;  10.6;    -999;    9.1;   91.33;   10.5;    6.4;    4.8;eor
         78;20191129;-999;-999;-999;    3;   0.0;   0;-999;   0;  -999;   7.1;    -999;    4.7;   83.58;    6.9;    1.8;   -0.3;eor
         78;20191130;-999;-999;-999;    3;   0.0;   0;-999;   0;  -999;   6.4;    -999;    1.3;   95.08;    5.4;   -1.9;   -4.2;eor
         78;20191201;-999;-999;-999;    3;   0.0;   0;-999;   0;  -999;   5.8;    -999;   -0.7;   99.67;    1.4;   -3.1;   -5.0;eor
         78;20191202;-999;-999;-999;    3;   0.3;   4;-999;   0;  -999;   7.3;    -999;    3.0;   95.46;    6.7;   -0.3;   -1.0;eor
         78;20191203;-999;-999;-999;    3;   0.0;   4;-999;   0;  -999;   8.5;    -999;    5.7;   93.21;    8.2;    2.8;    1.2;eor
         78;20191204;-999;-999;-999;    3;   0.0;   0;-999;   0;  -999;   6.5;    -999;    1.5;   94.67;    6.0;   -2.2;   -3.9;eor
         78;20191205;-999;-999;-999;    3;   0.3;   4;-999;   0;  -999;   5.9;    -999;   -0.1;   96.88;    2.6;   -3.0;   -5.2;eor
         78;20191206;-999;-999;-999;    3;  11.0;   4;-999;   0;  -999;   8.4;    -999;    5.0;   96.04;    8.0;    2.6;    2.1;eor
         78;20191207;-999;-999;-999;    3;   0.8;   4;-999;   0;  -999;  10.0;    -999;    8.3;   91.42;    9.0;    7.6;    7.0;eor
         78;20191208;-999;-999;-999;    3;   4.1;   4;-999;   0;  -999;   9.3;    -999;    8.8;   81.38;    9.9;    7.1;    5.5;eor
         78;20191209;-999;-999;-999;    3;   2.8;   4;-999;   0;  -999;   8.0;    -999;    6.1;   84.25;    7.4;    3.2;    0.7;eor
         78;20191210;-999;-999;-999;    3;   0.8;   4;-999;   0;  -999;   6.2;    -999;    3.1;   82.08;    5.8;   -0.4;   -2.5;eor
         78;20191211;-999;-999;-999;    3;   5.6;   4;-999;   0;  -999;   8.0;    -999;    4.9;   92.00;    6.7;    4.1;    3.6;eor
         78;20191212;-999;-999;-999;    3;   0.5;   4;-999;   0;  -999;   7.2;    -999;    4.1;   87.08;    5.7;    1.8;   -0.7;eor
         78;20191213;-999;-999;-999;    3;   4.3;   4;-999;   0;  -999;   6.6;    -999;    2.7;   88.04;    5.3;    1.8;    0.0;eor
         78;20191214;-999;-999;-999;    3;   6.6;   4;-999;   0;  -999;   7.4;    -999;    4.3;   88.50;    6.9;    1.2;   -0.4;eor
         78;20191215;-999;-999;-999;    3;   1.3;   4;-999;   0;  -999;   7.6;    -999;    6.7;   77.17;    8.5;    2.6;   -0.3;eor
         78;20191216;-999;-999;-999;    3;   0.8;   4;-999;   0;  -999;   8.7;    -999;    6.3;   90.71;    8.4;    4.1;    1.4;eor
         78;20191217;-999;-999;-999;    3;   2.6;   4;-999;   0;  -999;   9.8;    -999;    9.9;   81.17;   14.2;    2.3;    0.8;eor
         78;20191218;-999;-999;-999;    3;   0.0;   0;-999;   0;  -999;   8.3;    -999;    5.0;   94.58;    9.5;    1.1;   -1.5;eor
         78;20191219;-999;-999;-999;    3;   0.0;   0;-999;   0;  -999;   8.6;    -999;    7.1;   86.13;   14.2;    1.1;   -0.9;eor
         78;20191220;-999;-999;-999;    3;   0.3;   4;-999;   0;  -999;   9.2;    -999;    9.8;   75.79;   14.2;    3.8;    0.8;eor
         78;20191221;-999;-999;-999;    3;   1.0;   4;-999;   0;  -999;   8.3;    -999;    7.5;   79.67;    9.8;    2.3;   -0.5;eor
         78;20191222;-999;-999;-999;    3;   5.3;   4;-999;   0;  -999;   9.2;    -999;    6.9;   91.42;    9.6;    3.7;    1.1;eor
         78;20191223;-999;-999;-999;    3;   1.0;   4;-999;   0;  -999;   9.3;    -999;    7.1;   91.75;    8.5;    5.6;    3.5;eor
         78;20191224;-999;-999;-999;    3;  10.6;   4;-999;   0;  -999;   9.3;    -999;    6.9;   93.88;    8.1;    5.6;    3.8;eor
         78;20191225;-999;-999;-999;    3;   1.6;   4;-999;   0;  -999;   9.2;    -999;    6.5;   94.83;    7.4;    5.1;    3.3;eor
         78;20191226;-999;-999;-999;    3;   0.0;   0;-999;   0;  -999;   8.1;    -999;    4.4;   96.13;    6.7;    1.5;   -0.4;eor
         78;20191227;-999;-999;-999;    3;   0.0;   0;-999;   0;  -999;   6.2;    -999;    2.4;   86.21;    4.8;   -0.7;   -3.1;eor
         78;20191228;-999;-999;-999;    3;   0.0;   0;-999;   0;  -999;   5.7;    -999;   -0.1;   93.79;    2.0;   -2.0;   -3.9;eor
         78;20191229;-999;-999;-999;    3;   0.0;   0;-999;   0;  -999;   4.9;    -999;    0.1;   81.58;    4.0;   -3.6;   -5.6;eor
         78;20191230;-999;-999;-999;    3;   0.0;   4;-999;   0;  -999;   3.9;    -999;    5.6;   43.29;    8.9;    1.7;   -0.6;eor
         78;20191231;-999;-999;-999;    3;   0.0;   0;-999;   0;  -999;   7.7;    -999;    4.0;   94.50;    6.9;    1.3;    0.3;eor
         78;20200101;-999;-999;-999;    3;   0.0;   0;-999;   0;  -999;   5.8;    -999;   -0.8;   99.75;    1.3;   -3.5;   -5.5;eor
         78;20200102;-999;-999;-999;    3;   0.0;   0;-999;   0;  -999;   6.0;    -999;   -0.1;   97.92;    5.0;   -4.1;   -6.3;eor
         78;20200103;-999;-999;-999;    3;   3.3;   4;-999;   0;  -999;   9.2;    -999;    6.7;   92.33;    9.0;    3.4;    1.4;eor
         78;20200104;-999;-999;-999;    3;   1.7;   4;-999;   0;  -999;   8.0;    -999;    4.7;   93.13;    7.4;    1.9;   -0.2;eor
         78;20200105;-999;-999;-999;    3;   0.0;   4;-999;   0;  -999;   7.9;    -999;    4.3;   94.21;    6.2;    1.6;   -0.3;eor
         78;20200106;-999;-999;-999;    3;   0.7;   4;-999;   0;  -999;   7.2;    -999;    4.6;   84.75;    6.0;    0.4;   -2.0;eor
         78;20200107;-999;-999;-999;    3;   0.0;   0;-999;   0;  -999;   8.5;    -999;    6.1;   89.79;    7.6;    4.1;    3.1;eor
         78;20200108;-999;-999;-999;    3;   3.6;   4;-999;   0;  -999;  11.0;    -999;    9.2;   93.46;   10.8;    6.9;    6.2;eor
         78;20200109;-999;-999;-999;    3;   6.5;   4;-999;   0;  -999;  12.3;    -999;   10.9;   94.04;   12.3;    9.1;    8.5;eor
         78;20200110;-999;-999;-999;    3;   0.4;   4;-999;   0;  -999;   9.3;    -999;    6.9;   92.42;   11.1;    1.9;   -0.1;eor
         78;20200111;-999;-999;-999;    3;   0.0;   0;-999;   0;  -999;   6.8;    -999;    3.4;   87.33;    6.3;   -1.2;   -3.1;eor
         78;20200112;-999;-999;-999;    3;   2.1;   4;-999;   0;  -999;   8.0;    -999;    6.0;   84.83;    8.4;    4.5;    2.0;eor
         78;20200113;-999;-999;-999;    3;   0.7;   4;-999;   0;  -999;   8.5;    -999;    6.3;   88.92;    8.0;    1.3;   -0.7;eor
         78;20200114;-999;-999;-999;    3;   1.3;   4;-999;   0;  -999;   9.9;    -999;    9.5;   83.50;   11.4;    7.7;    6.8;eor
         78;20200115;-999;-999;-999;    3;   3.1;   4;-999;   0;  -999;   9.4;    -999;   10.7;   73.42;   12.7;    5.0;    2.4;eor
         78;20200116;-999;-999;-999;    3;   0.0;   0;-999;   0;  -999;   8.1;    -999;    5.7;   88.54;   10.2;    1.0;   -1.4;eor
         78;20200117;-999;-999;-999;    3;   1.6;   4;-999;   0;  -999;   8.8;    -999;    8.2;   81.00;   10.1;    5.5;    1.7;eor
         78;20200118;-999;-999;-999;    3;   0.6;   4;-999;   0;  -999;   7.1;    -999;    3.9;   88.13;    5.5;    0.9;   -1.1;eor
         78;20200119;-999;-999;-999;    3;   0.4;   4;-999;   0;  -999;   7.0;    -999;    3.1;   92.17;    6.5;   -0.1;   -1.4;eor
         78;20200120;-999;-999;-999;    3;   0.0;   0;-999;   0;  -999;   7.7;    -999;    3.6;   96.67;    5.8;    1.2;   -0.9;eor
         78;20200121;-999;-999;-999;    3;   0.0;   0;-999;   0;  -999;   6.3;    -999;    2.0;   89.75;    5.3;   -0.2;   -1.9;eor
         78;20200122;-999;-999;-999;    3;   0.0;   0;-999;   0;  -999;   7.4;    -999;    2.8;   99.38;    4.2;    1.3;    1.3;eor
         78;20200123;-999;-999;-999;    3;   0.0;   0;-999;   0;  -999;   6.9;    -999;    2.1;   96.96;    5.7;   -2.0;   -3.1;eor
         78;20200124;-999;-999;-999;    3;   0.0;   0;-999;   0;  -999;   6.0;    -999;   -0.2;   98.75;    1.0;   -2.2;   -2.8;eor
         78;20200125;-999;-999;-999;    3;   0.0;   0;-999;   0;  -999;   6.3;    -999;    0.7;   97.17;    1.3;    0.4;    0.3;eor
         78;20200126;-999;-999;-999;    3;   1.2;   4;-999;   0;  -999;   7.3;    -999;    3.2;   94.63;    7.4;    0.4;    0.0;eor
         78;20200127;-999;-999;-999;    3;   5.0;   4;-999;   0;  -999;   9.1;    -999;    6.8;   92.17;    8.4;    5.4;    3.8;eor
         78;20200128;-999;-999;-999;    3;   5.6;   4;-999;   0;  -999;   7.6;    -999;    4.7;   89.17;    7.3;    2.4;    0.7;eor
         78;20200129;-999;-999;-999;    3;   0.7;   4;-999;   0;  -999;   7.0;    -999;    3.9;   86.96;    5.7;    2.8;    0.6;eor
         78;20200130;-999;-999;-999;    3;   0.8;   4;-999;   0;  -999;   8.8;    -999;    7.4;   85.08;   10.3;    4.1;    2.7;eor
         78;20200131;-999;-999;-999;    3;   0.7;   4;-999;   0;  -999;  10.9;    -999;   10.9;   83.54;   12.2;    9.7;    8.5;eor
         78;20200201;-999;-999;-999;    3;   1.6;   4;-999;   0;  -999;  10.5;    -999;   10.6;   81.50;   12.0;    8.1;    5.8;eor
         78;20200202;-999;-999;-999;    3;   8.5;   4;-999;   0;  -999;   9.3;    -999;    7.4;   90.17;    8.5;    6.1;    6.1;eor
         78;20200203;-999;-999;-999;    3;   6.3;   4;-999;   0;  -999;   9.6;    -999;    8.2;   87.96;    9.9;    4.3;    3.9;eor
         78;20200204;-999;-999;-999;    3;   2.5;   4;-999;   0;  -999;   7.4;    -999;    4.1;   90.83;    6.4;    2.6;    0.7;eor
         78;20200205;-999;-999;-999;    3;   0.0;   0;-999;   0;  -999;   6.1;    -999;    3.2;   79.79;    6.4;   -1.9;   -4.0;eor
         78;20200206;-999;-999;-999;    3;   0.0;   0;-999;   0;  -999;   7.2;    -999;    3.6;   90.79;    6.1;    0.3;   -2.2;eor
         78;20200207;-999;-999;-999;    3;   0.0;   0;-999;   0;  -999;   6.6;    -999;    4.8;   77.54;    8.1;    1.2;   -2.4;eor
         78;20200208;-999;-999;-999;    3;   0.1;   4;-999;   0;  -999;   7.3;    -999;    5.6;   79.29;   10.2;   -1.1;   -3.4;eor
         78;20200209;-999;-999;-999;    3;  15.5;   4;-999;   0;  -999;   9.1;    -999;    9.6;   76.54;   12.8;    6.6;    4.6;eor
         78;20200210;-999;-999;-999;    3;  12.9;   4;-999;   0;  -999;   7.7;    -999;    6.5;   79.92;   10.6;    1.6;    0.5;eor
         78;20200211;-999;-999;-999;    3;   2.1;   4;-999;   0;  -999;   6.0;    -999;    4.2;   73.50;    5.8;    1.8;    0.7;eor
         78;20200212;-999;-999;-999;    3;   0.2;   4;-999;   0;  -999;   5.8;    -999;    4.3;   69.83;    7.0;    1.9;   -0.7;eor
         78;20200213;-999;-999;-999;    3;   8.1;   4;-999;   0;  -999;   7.0;    -999;    3.2;   90.42;    5.0;    0.9;   -2.2;eor
         78;20200214;-999;-999;-999;    3;   0.0;   0;-999;   0;  -999;   8.3;    -999;    5.9;   89.29;    7.7;    5.0;    2.9;eor
         78;20200215;-999;-999;-999;    3;   0.6;   4;-999;   0;  -999;   8.4;    -999;    8.8;   74.67;   12.4;    5.3;    3.2;eor
         78;20200216;-999;-999;-999;    3;   9.9;   4;-999;   0;  -999;  10.8;    -999;   12.6;   74.29;   17.7;    7.6;    6.5;eor
         78;20200217;-999;-999;-999;    3;   3.5;   4;-999;   0;  -999;   7.8;    -999;    7.6;   75.00;   10.7;    5.6;    3.8;eor
         78;20200218;-999;-999;-999;    3;   5.8;   4;-999;   0;  -999;   7.8;    -999;    6.4;   80.83;    8.5;    4.6;    2.9;eor
         78;20200219;-999;-999;-999;    3;   0.6;   4;-999;   0;  -999;   7.1;    -999;    5.0;   81.46;    7.0;    2.7;   -0.4;eor
         78;20200220;-999;-999;-999;    3;   4.2;   4;-999;   0;  -999;   8.5;    -999;    6.9;   85.88;   10.0;    3.7;    2.1;eor
         78;20200221;-999;-999;-999;    3;   0.1;   4;-999;   0;  -999;   7.2;    -999;    6.1;   76.63;    8.1;    3.5;    1.9;eor
         78;20200222;-999;-999;-999;    3;  15.6;   4;-999;   0;  -999;   8.1;    -999;    7.8;   76.13;   10.3;    6.3;    4.8;eor
         78;20200223;-999;-999;-999;    3;  18.5;   4;-999;   0;  -999;   9.1;    -999;    7.3;   87.92;   11.5;    4.0;    1.7;eor
         78;20200224;-999;-999;-999;    3;  13.2;   4;-999;   0;  -999;   8.3;    -999;    5.7;   89.04;    9.8;    2.8;    1.0;eor
         78;20200225;-999;-999;-999;    3;   4.4;   4;-999;   0;  -999;   7.5;    -999;    6.3;   79.04;   10.0;    2.8;    0.9;eor
         78;20200226;-999;-999;-999;    3;   0.7;   4;-999;   0;  -999;   7.0;    -999;    3.0;   92.25;    5.9;    1.3;    0.6;eor
         78;20200227;-999;-999;-999;    3;   3.7;   4;-999;   0;  -999;   6.6;    -999;    2.3;   91.92;    4.7;    0.8;   -0.5;eor
         78;20200228;-999;-999;-999;    3;   8.6;   4;-999;   0;  -999;   6.5;    -999;    3.2;   85.71;    6.6;    0.1;   -1.5;eor
         78;20200229;-999;-999;-999;    3;   2.7;   4;-999;   0;  -999;   8.6;    -999;    8.4;   78.96;   14.7;    3.9;    3.3;eor
         78;20200301;-999;-999;-999;    3;   0.0;   0;-999;   0;  -999;   6.8;    -999;    6.2;   72.00;    9.3;    2.9;    1.3;eor
         78;20200302;-999;-999;-999;    3;   4.7;   4;-999;   0;  -999;   7.9;    -999;    6.6;   81.75;   10.9;    3.5;    0.8;eor
         78;20200303;-999;-999;-999;    3;   0.3;   4;-999;   0;  -999;   7.1;    -999;    4.8;   84.00;    8.9;    1.0;   -1.1;eor
         78;20200304;-999;-999;-999;    3;   1.6;   4;-999;   0;  -999;   7.4;    -999;    3.7;   92.79;    7.8;   -0.5;   -2.4;eor
         78;20200305;-999;-999;-999;    3;   7.4;   4;-999;   0;  -999;   7.5;    -999;    5.0;   85.88;    7.6;    1.1;   -0.7;eor
         78;20200306;-999;-999;-999;    3;   7.3;   4;-999;   0;  -999;   7.5;    -999;    3.8;   94.00;    5.0;    2.4;    2.2;eor
         78;20200307;-999;-999;-999;    3;   0.0;   0;-999;   0;  -999;   7.2;    -999;    5.9;   78.08;    9.7;    2.8;    1.0;eor
         78;20200308;-999;-999;-999;    3;   3.9;   4;-999;   0;  -999;   9.1;    -999;    8.4;   82.25;   11.3;    7.1;    5.7;eor
         78;20200309;-999;-999;-999;    3;   9.0;   4;-999;   0;  -999;   8.7;    -999;    7.5;   83.71;   10.2;    6.2;    4.7;eor
         78;20200310;-999;-999;-999;    3;  12.6;   4;-999;   0;  -999;  10.9;    -999;    8.9;   94.54;   12.1;    5.0;    4.4;eor
         78;20200311;-999;-999;-999;    3;  13.4;   4;-999;   0;  -999;  10.3;    -999;   10.3;   82.54;   13.6;    7.5;    6.6;eor
         78;20200312;-999;-999;-999;    3;   1.6;   4;-999;   0;  -999;   7.9;    -999;    8.2;   71.63;   11.9;    4.6;    2.4;eor
         78;20200313;-999;-999;-999;    3;   3.0;   4;-999;   0;  -999;   7.6;    -999;    5.6;   83.17;    8.7;   -0.4;   -2.5;eor
         78;20200314;-999;-999;-999;    3;   0.0;   0;-999;   0;  -999;   6.7;    -999;    4.6;   79.75;   10.1;   -1.9;   -3.9;eor
         78;20200315;-999;-999;-999;    3;   0.0;   0;-999;   0;  -999;   8.4;    -999;    9.8;   69.33;   13.9;    6.3;    4.2;eor
         78;20200316;-999;-999;-999;    3;   0.0;   0;-999;   0;  -999;   8.9;    -999;    8.8;   79.58;   14.1;    3.1;    1.0;eor
         78;20200317;-999;-999;-999;    3;   0.0;   0;-999;   0;  -999;   7.5;    -999;    8.7;   68.92;   13.6;    4.0;    1.1;eor
         78;20200318;-999;-999;-999;    3;   0.0;   0;-999;   0;  -999;   8.6;    -999;   10.9;   64.67;   15.5;    6.0;    2.1;eor
         78;20200319;-999;-999;-999;    3;   0.6;   4;-999;   0;  -999;  10.0;    -999;    7.9;   93.13;   10.2;    6.1;    4.9;eor
         78;20200320;-999;-999;-999;    3;   0.0;   0;-999;   0;  -999;   7.5;    -999;    6.1;   80.21;    7.9;    3.3;    1.5;eor
         78;20200321;-999;-999;-999;    3;   0.0;   0;-999;   0;  -999;   5.2;    -999;    3.5;   66.46;    8.0;   -0.5;   -2.5;eor
         78;20200322;-999;-999;-999;    3;   0.0;   0;-999;   0;  -999;   4.1;    -999;    2.5;   57.46;    7.1;   -0.8;   -4.3;eor
         78;20200323;-999;-999;-999;    3;   0.0;   0;-999;   0;  -999;   3.6;    -999;    2.4;   52.08;    8.6;   -3.9;   -8.0;eor
         78;20200324;-999;-999;-999;    3;   0.0;   0;-999;   0;  -999;   3.6;    -999;    3.7;   47.38;   10.1;   -2.9;   -6.5;eor
         78;20200325;-999;-999;-999;    3;   0.0;   0;-999;   0;  -999;   3.8;    -999;    3.9;   49.88;   10.4;   -3.4;   -6.7;eor
         78;20200326;-999;-999;-999;    3;   0.0;   0;-999;   0;  -999;   4.1;    -999;    4.8;   48.13;   10.6;   -1.3;   -4.9;eor
         78;20200327;-999;-999;-999;    3;   0.0;   0;-999;   0;  -999;   5.6;    -999;    8.5;   51.25;   16.0;    1.4;   -0.5;eor
         78;20200328;-999;-999;-999;    3;   0.0;   0;-999;   0;  -999;   6.2;    -999;    6.8;   63.54;   12.4;    2.4;    0.4;eor
         78;20200329;-999;-999;-999;    3;   0.1;   4;-999;   0;  -999;   4.9;    -999;    2.5;   66.42;    5.6;   -3.5;   -7.3;eor
         78;20200330;-999;-999;-999;    3;   3.1;   4;-999;   0;  -999;   5.8;    -999;    1.7;   81.17;    7.4;   -4.8;   -8.6;eor
         78;20200331;-999;-999;-999;    3;   0.0;   0;-999;   0;  -999;   4.9;    -999;    2.3;   69.67;    7.8;   -1.8;   -4.9;eor
         78;20200401;-999;-999;-999;    3;   0.0;   0;-999;   0;  -999;   5.7;    -999;    3.4;   72.17;    8.7;   -3.5;   -6.2;eor
         78;20200402;-999;-999;-999;    3;   0.4;   4;-999;   0;  -999;   7.0;    -999;    6.7;   71.96;    9.5;    3.5;    2.6;eor
         78;20200403;-999;-999;-999;    3;   0.0;   0;-999;   0;  -999;   6.6;    -999;    6.7;   68.00;   10.3;    0.6;   -2.4;eor
         78;20200404;-999;-999;-999;    3;   0.0;   0;-999;   0;  -999;   6.0;    -999;    6.2;   67.17;   13.3;   -1.8;   -4.2;eor
         78;20200405;-999;-999;-999;    3;   0.0;   0;-999;   0;  -999;   6.6;    -999;   10.6;   55.17;   18.9;    1.5;   -2.6;eor
         78;20200406;-999;-999;-999;    3;   0.0;   0;-999;   0;  -999;   7.6;    -999;   14.1;   51.46;   23.6;    3.2;    0.0;eor
         78;20200407;-999;-999;-999;    3;   0.0;   0;-999;   0;  -999;   9.9;    -999;   13.2;   67.13;   18.2;    7.9;    4.1;eor
         78;20200408;-999;-999;-999;    3;   0.0;   0;-999;   0;  -999;  10.1;    -999;   15.1;   61.50;   23.8;    6.2;    2.9;eor
         78;20200409;-999;-999;-999;    3;   0.0;   0;-999;   0;  -999;   8.7;    -999;   12.4;   61.92;   19.3;    5.1;    3.4;eor
         78;20200410;-999;-999;-999;    3;   0.0;   0;-999;   0;  -999;   6.4;    -999;    8.1;   63.79;   14.4;    2.6;   -0.3;eor
         78;20200411;-999;-999;-999;    3;   0.0;   0;-999;   0;  -999;   7.3;    -999;    9.9;   65.42;   19.0;    1.3;   -2.0;eor
         78;20200412;-999;-999;-999;    3;   0.0;   4;-999;   0;  -999;   8.2;    -999;   13.9;   55.92;   23.3;    3.4;    0.3;eor
         78;20200413;-999;-999;-999;    3;   0.0;   0;-999;   0;  -999;   5.6;    -999;    7.0;   56.13;   10.7;    4.1;    3.1;eor
         78;20200414;-999;-999;-999;    3;   0.0;   0;-999;   0;  -999;   5.9;    -999;    5.4;   66.96;    9.8;    0.6;   -2.1;eor
         78;20200415;-999;-999;-999;    3;   0.0;   0;-999;   0;  -999;   6.2;    -999;    7.7;   63.21;   16.8;   -0.2;   -2.2;eor
         78;20200416;-999;-999;-999;    3;   0.0;   0;-999;   0;  -999;   7.5;    -999;   10.7;   61.71;   18.6;    1.8;   -1.0;eor
         78;20200417;-999;-999;-999;    3;   0.0;   0;-999;   0;  -999;   7.3;    -999;    9.4;   65.46;   15.9;    3.2;   -0.2;eor
         78;20200418;-999;-999;-999;    3;   0.0;   0;-999;   0;  -999;   7.9;    -999;   12.5;   57.58;   20.3;    4.1;    2.2;eor
         78;20200419;-999;-999;-999;    3;   0.0;   0;-999;   0;  -999;   5.3;    -999;   10.5;   43.54;   16.2;    4.6;    3.1;eor
         78;20200420;-999;-999;-999;    3;   0.0;   0;-999;   0;  -999;   5.6;    -999;   10.7;   44.79;   16.7;    3.2;    1.7;eor
         78;20200421;-999;-999;-999;    3;   0.0;   0;-999;   0;  -999;   6.4;    -999;   12.3;   45.67;   17.8;    6.0;    4.3;eor
         78;20200422;-999;-999;-999;    3;   0.0;   0;-999;   0;  -999;   6.8;    -999;   13.7;   44.96;   19.9;    7.5;    5.0;eor
         78;20200423;-999;-999;-999;    3;   0.0;   0;-999;   0;  -999;   8.0;    -999;   13.7;   54.08;   21.6;    5.0;    0.7;eor
         78;20200424;-999;-999;-999;    3;   0.0;   0;-999;   0;  -999;   8.1;    -999;   12.0;   60.96;   18.9;    7.0;    4.9;eor
         78;20200425;-999;-999;-999;    3;   0.0;   0;-999;   0;  -999;   7.8;    -999;   10.3;   63.71;   16.6;    5.8;    3.1;eor
         78;20200426;-999;-999;-999;    3;   0.0;   0;-999;   0;  -999;   7.8;    -999;    9.3;   70.25;   17.2;    1.6;   -1.9;eor
         78;20200427;-999;-999;-999;    3;   0.0;   0;-999;   0;  -999;   7.7;    -999;   12.9;   56.83;   21.1;    2.3;   -0.4;eor
         78;20200428;-999;-999;-999;    3;   0.6;   4;-999;   0;  -999;  10.5;    -999;   11.7;   77.00;   16.0;    7.9;    6.2;eor
         78;20200429;-999;-999;-999;    3;   4.2;   4;-999;   0;  -999;  11.3;    -999;   11.8;   82.00;   15.8;    8.5;    6.9;eor
         78;20200430;-999;-999;-999;    3;   1.4;   4;-999;   0;  -999;  10.0;    -999;   11.8;   73.67;   16.3;    8.4;    6.5;eor
         78;20200501;-999;-999;-999;    3;   3.9;   4;-999;-999;  -999;   9.7;    -999;    9.5;   82.46;   15.0;    5.6;    2.9;eor
         78;20200502;-999;-999;-999;    3;   3.6;   4;-999;-999;  -999;   9.7;    -999;    9.1;   85.33;   13.5;    6.1;    3.4;eor
         78;20200503;-999;-999;-999;    3;   0.0;   4;-999;-999;  -999;   9.7;    -999;   10.7;   77.54;   15.9;    5.6;    2.5;eor
         78;20200504;-999;-999;-999;    3;   0.0;   4;-999;-999;  -999;   8.3;    -999;   10.1;   69.08;   14.8;    5.0;    1.4;eor
         78;20200505;-999;-999;-999;    3;   0.0;   0;-999;-999;  -999;   6.3;    -999;    8.9;   57.42;   14.2;    3.5;    0.0;eor
         78;20200506;-999;-999;-999;    3;   0.0;   0;-999;-999;  -999;   6.6;    -999;    9.6;   59.83;   17.1;    0.9;   -2.6;eor
         78;20200507;-999;-999;-999;    3;   0.0;   0;-999;-999;  -999;   6.5;    -999;   11.0;   56.00;   20.2;    0.9;   -2.1;eor
         78;20200508;-999;-999;-999;    3;   0.0;   0;-999;-999;  -999;   8.5;    -999;   13.4;   59.96;   21.1;    4.4;    1.0;eor
         78;20200509;-999;-999;-999;    3;   0.0;   0;-999;-999;  -999;   9.2;    -999;   16.3;   55.04;   24.2;    7.0;    4.0;eor
         78;20200510;-999;-999;-999;    3;   5.4;   4;-999;-999;  -999;  10.8;    -999;   13.4;   71.17;   23.9;    5.9;    5.0;eor
         78;20200511;-999;-999;-999;    3;   0.0;   0;-999;-999;  -999;   6.0;    -999;    7.3;   59.92;   12.1;    2.3;   -0.6;eor
         78;20200512;-999;-999;-999;    3;   0.0;   0;-999;-999;  -999;   6.6;    -999;    7.0;   67.75;   11.7;    1.5;   -0.9;eor
         78;20200513;-999;-999;-999;    3;   0.2;   4;-999;-999;  -999;   7.5;    -999;    7.5;   73.04;   13.1;    2.4;   -0.6;eor
         78;20200514;-999;-999;-999;    3;   0.0;   0;-999;-999;  -999;   5.9;    -999;    7.8;   58.29;   12.9;    3.1;   -0.4;eor
         78;20200515;-999;-999;-999;    3;   0.0;   0;-999;-999;  -999;   6.8;    -999;    7.6;   65.96;   12.6;    0.1;   -3.6;eor
         78;20200516;-999;-999;-999;    3;   0.0;   0;-999;-999;  -999;   7.9;    -999;   11.1;   62.25;   17.5;    2.8;    0.4;eor
         78;20200517;-999;-999;-999;    3;   0.0;   0;-999;-999;  -999;   8.6;    -999;   12.1;   64.08;   18.8;    3.9;    0.6;eor
         78;20200518;-999;-999;-999;    3;   0.0;   0;-999;-999;  -999;   9.4;    -999;   14.8;   58.63;   22.7;    5.8;    3.2;eor
         78;20200519;-999;-999;-999;    3;   0.0;   0;-999;-999;  -999;  11.8;    -999;   15.3;   68.92;   19.7;    9.5;    7.8;eor
         78;20200520;-999;-999;-999;    3;   0.0;   0;-999;-999;  -999;  13.0;    -999;   14.6;   78.79;   19.2;    9.6;    5.8;eor
         78;20200521;-999;-999;-999;    3;   0.0;   0;-999;-999;  -999;  11.6;    -999;   17.2;   63.96;   24.8;    8.1;    5.5;eor
         78;20200522;-999;-999;-999;    3;   2.4;   4;-999;-999;  -999;  15.2;    -999;   17.3;   76.71;   24.6;   11.8;    9.0;eor
         78;20200523;-999;-999;-999;    3;   1.9;   4;-999;-999;  -999;   9.7;    -999;   14.4;   59.96;   19.0;   10.4;    7.8;eor
         78;20200524;-999;-999;-999;    3;   1.1;   4;-999;-999;  -999;  12.0;    -999;   12.7;   81.21;   15.6;   10.8;    8.5;eor
         78;20200525;-999;-999;-999;    3;   0.0;   0;-999;-999;  -999;  11.3;    -999;   13.6;   73.96;   18.1;    7.2;    3.8;eor
         78;20200526;-999;-999;-999;    3;   0.0;   0;-999;-999;  -999;  10.2;    -999;   13.7;   68.58;   21.6;    7.6;    6.1;eor
         78;20200527;-999;-999;-999;    3;   0.0;   0;-999;-999;  -999;  10.7;    -999;   15.2;   64.38;   22.9;    7.6;    4.9;eor
         78;20200528;-999;-999;-999;    3;   0.0;   0;-999;-999;  -999;   8.9;    -999;   13.2;   61.79;   19.4;    7.6;    4.3;eor
         78;20200529;-999;-999;-999;    3;   0.0;   0;-999;-999;  -999;   8.8;    -999;   14.9;   57.75;   22.4;    6.6;    3.3;eor
         78;20200530;-999;-999;-999;    3;   0.0;   0;-999;-999;  -999;   8.9;    -999;   16.5;   50.83;   22.4;    7.9;    4.3;eor
         78;20200531;-999;-999;-999;    3;   0.0;   0;-999;-999;  -999;   9.3;    -999;   15.9;   52.79;   22.0;    8.3;    4.5;eor
         78;20200601;-999;-999;-999;    3;   0.0;   0;-999;-999;  -999;  10.0;    -999;   17.4;   51.96;   24.8;    9.3;    6.2;eor
         78;20200602;-999;-999;-999;    3;   0.0;   0;-999;-999;  -999;  11.3;    -999;   19.4;   53.29;   27.1;   10.3;    6.5;eor
         78;20200603;-999;-999;-999;    3;   0.0;   0;-999;-999;  -999;  12.1;    -999;   19.6;   57.17;   26.5;   12.8;   10.1;eor
         78;20200604;-999;-999;-999;    3;   9.8;   4;-999;-999;  -999;  13.7;    -999;   12.9;   91.67;   15.3;    9.1;    8.8;eor
         78;20200605;-999;-999;-999;    3;   8.5;   4;-999;-999;  -999;  10.4;    -999;    9.9;   85.92;   14.8;    7.3;    5.9;eor
         78;20200606;-999;-999;-999;    3;   0.0;   4;-999;-999;  -999;   9.1;    -999;   11.6;   68.67;   17.0;    7.0;    5.1;eor
         78;20200607;-999;-999;-999;    3;   0.6;   4;-999;-999;  -999;  10.3;    -999;   13.0;   68.42;   17.0;   10.1;    7.7;eor
         78;20200608;-999;-999;-999;    3;   0.0;   0;-999;-999;  -999;  12.5;    -999;   13.6;   80.42;   17.7;   10.1;    8.1;eor
         78;20200609;-999;-999;-999;    3;   0.0;   0;-999;-999;  -999;  11.3;    -999;   13.1;   75.38;   17.5;   10.3;    9.4;eor
         78;20200610;-999;-999;-999;    3;   0.0;   0;-999;-999;  -999;  12.9;    -999;   14.3;   78.96;   18.3;   10.4;    9.8;eor
         78;20200611;-999;-999;-999;    3;   0.6;   4;-999;-999;  -999;  14.5;    -999;   15.9;   79.88;   19.9;   12.9;   10.7;eor
         78;20200612;-999;-999;-999;    3;   0.0;   0;-999;-999;  -999;  17.5;    -999;   20.6;   73.63;   26.2;   15.4;   14.4;eor
         78;20200613;-999;-999;-999;    3;   0.0;   0;-999;-999;  -999;  19.1;    -999;   20.9;   78.21;   28.2;   16.6;   15.6;eor
         78;20200614;-999;-999;-999;    3;  13.2;   4;-999;-999;  -999;  19.6;    -999;   19.2;   88.13;   23.5;   15.5;   14.3;eor
         78;20200615;-999;-999;-999;    3;   0.0;   4;-999;-999;  -999;  18.4;    -999;   16.9;   95.29;   18.6;   15.8;   15.5;eor
         78;20200616;-999;-999;-999;    3;   0.1;   4;-999;-999;  -999;  17.6;    -999;   19.0;   81.29;   23.2;   16.2;   15.4;eor
         78;20200617;-999;-999;-999;    3;   1.2;   4;-999;-999;  -999;  17.7;    -999;   19.7;   77.71;   25.3;   15.6;   14.5;eor
         78;20200618;-999;-999;-999;    3;   7.9;   4;-999;-999;  -999;  18.2;    -999;   17.0;   93.96;   18.6;   15.1;   14.1;eor
         78;20200619;-999;-999;-999;    3;   0.0;   0;-999;-999;  -999;  16.0;    -999;   18.0;   79.29;   24.0;   12.8;   11.1;eor
         78;20200620;-999;-999;-999;    3;   0.0;   0;-999;-999;  -999;  14.1;    -999;   16.8;   75.75;   22.5;   11.4;    9.1;eor
         78;20200621;-999;-999;-999;    3;   0.2;   4;-999;-999;  -999;  14.2;    -999;   18.7;   69.75;   25.6;   10.0;    7.7;eor
         78;20200622;-999;-999;-999;    3;   0.0;   0;-999;-999;  -999;  14.0;    -999;   18.8;   67.54;   23.8;   12.7;    9.7;eor
         78;20200623;-999;-999;-999;    3;   0.0;   0;-999;-999;  -999;  14.2;    -999;   19.3;   66.63;   25.5;   10.7;    8.1;eor
         78;20200624;-999;-999;-999;    3;   0.0;   0;-999;-999;  -999;  13.3;    -999;   20.5;   59.50;   26.5;   11.9;    9.3;eor
         78;20200625;-999;-999;-999;    3;   0.0;   0;-999;-999;  -999;  17.2;    -999;   21.7;   68.00;   28.3;   13.6;   10.6;eor
         78;20200626;-999;-999;-999;    3;   0.0;   0;-999;-999;  -999;  16.0;    -999;   22.1;   64.04;   28.9;   13.6;   10.6;eor
         78;20200627;-999;-999;-999;    3;   0.0;   0;-999;-999;  -999;  18.3;    -999;   22.2;   70.58;   28.6;   15.7;   13.4;eor
         78;20200628;-999;-999;-999;    3;   0.0;   0;-999;-999;  -999;  14.0;    -999;   18.0;   69.04;   22.3;   10.7;    7.6;eor
         78;20200629;-999;-999;-999;    3;   0.0;   0;-999;-999;  -999;  10.5;    -999;   16.5;   58.13;   21.8;    9.3;    5.7;eor
         78;20200630;-999;-999;-999;    3;   4.8;   4;-999;-999;  -999;  12.9;    -999;   15.7;   71.79;   20.0;   13.4;   12.0;eor
         78;20200701;-999;-999;-999;    3;   6.4;   4;-999;-999;  -999;  17.2;    -999;   16.7;   90.63;   20.1;   11.3;    9.4;eor
         78;20200702;-999;-999;-999;    3;   0.5;   4;-999;-999;  -999;  15.0;    -999;   16.3;   81.54;   22.4;   11.1;    8.5;eor
         78;20200703;-999;-999;-999;    3;   0.1;   4;-999;-999;  -999;  14.6;    -999;   16.6;   78.50;   21.1;   11.5;    9.0;eor
         78;20200704;-999;-999;-999;    3;   6.5;   4;-999;-999;  -999;  15.8;    -999;   17.5;   78.71;   20.5;   14.8;   13.2;eor
         78;20200705;-999;-999;-999;    3;   2.1;   4;-999;-999;  -999;  17.4;    -999;   18.6;   81.50;   22.0;   16.0;   14.4;eor
         78;20200706;-999;-999;-999;    3;   8.1;   4;-999;-999;  -999;  12.6;    -999;   14.1;   78.54;   17.0;   10.6;    8.9;eor
         78;20200707;-999;-999;-999;    3;   0.1;   4;-999;-999;  -999;  11.8;    -999;   13.7;   76.67;   18.4;    8.7;    5.9;eor
         78;20200708;-999;-999;-999;    3;  16.7;   4;-999;-999;  -999;  14.3;    -999;   12.9;   95.29;   15.4;   11.3;   11.0;eor
         78;20200709;-999;-999;-999;    3;   6.8;   4;-999;-999;  -999;  17.8;    -999;   16.0;   97.79;   18.5;   13.3;   13.4;eor
         78;20200710;-999;-999;-999;    3;   1.4;   4;-999;-999;  -999;  14.9;    -999;   14.3;   90.54;   17.2;    7.8;    6.0;eor
         78;20200711;-999;-999;-999;    3;   0.4;   4;-999;-999;  -999;  12.3;    -999;   12.7;   84.88;   19.3;    6.9;    5.1;eor
         78;20200712;-999;-999;-999;    3;   0.0;   0;-999;-999;  -999;  11.8;    -999;   13.8;   77.17;   20.4;    6.5;    4.7;eor
         78;20200713;-999;-999;-999;    3;   0.0;   0;-999;-999;  -999;  12.5;    -999;   16.6;   70.42;   23.8;    8.2;    5.5;eor
         78;20200714;-999;-999;-999;    3;   2.9;   4;-999;-999;  -999;  14.5;    -999;   14.5;   88.08;   18.2;   10.2;    7.6;eor
         78;20200715;-999;-999;-999;    3;   1.0;   4;-999;-999;  -999;  13.7;    -999;   15.4;   79.50;   20.0;   11.5;    9.9;eor
         78;20200716;-999;-999;-999;    3;   0.5;   4;-999;-999;  -999;  14.9;    -999;   14.9;   88.42;   18.5;   10.4;    8.3;eor
         78;20200717;-999;-999;-999;    3;   0.0;   0;-999;-999;  -999;  14.8;    -999;   16.5;   80.58;   23.1;    8.9;    7.3;eor
         78;20200718;-999;-999;-999;    3;   0.0;   0;-999;-999;  -999;  16.4;    -999;   18.6;   78.46;   24.9;   11.6;   10.3;eor
         78;20200719;-999;-999;-999;    3;   0.7;   4;-999;-999;  -999;  16.7;    -999;   20.2;   73.13;   25.7;   14.7;   13.5;eor
         78;20200720;-999;-999;-999;    3;   0.0;   0;-999;-999;  -999;  13.5;    -999;   16.8;   72.46;   20.9;    9.6;    6.8;eor
         78;20200721;-999;-999;-999;    3;   0.0;   0;-999;-999;  -999;  11.6;    -999;   14.8;   70.96;   20.0;    7.4;    5.1;eor
         78;20200722;-999;-999;-999;    3;   0.1;   4;-999;-999;  -999;  11.7;    -999;   15.0;   70.75;   20.3;    8.1;    6.0;eor
         78;20200723;-999;-999;-999;    3;   0.0;   4;-999;-999;  -999;  13.2;    -999;   17.3;   69.79;   24.4;   10.1;    8.6;eor
         78;20200724;-999;-999;-999;    3;   1.1;   4;-999;-999;  -999;  16.5;    -999;   17.8;   80.67;   21.7;   14.4;   13.3;eor
         78;20200725;-999;-999;-999;    3;  14.4;   4;-999;-999;  -999;  17.8;    -999;   17.9;   87.29;   21.1;   13.8;   11.2;eor
         78;20200726;-999;-999;-999;    3;   4.9;   4;-999;-999;  -999;  17.6;    -999;   17.9;   86.54;   22.3;   12.3;   10.9;eor
         78;20200727;-999;-999;-999;    3;   0.0;   0;-999;-999;  -999;  15.7;    -999;   16.6;   83.83;   21.2;   11.0;    9.2;eor
         78;20200728;-999;-999;-999;    3;   0.6;   4;-999;-999;  -999;  14.4;    -999;   17.8;   71.17;   21.8;   12.5;   10.4;eor
         78;20200729;-999;-999;-999;    3;   0.0;   0;-999;-999;  -999;  12.3;    -999;   15.6;   70.42;   19.8;    8.8;    6.4;eor
         78;20200730;-999;-999;-999;    3;   0.0;   0;-999;-999;  -999;  12.5;    -999;   15.7;   72.92;   23.6;    7.1;    4.6;eor
         78;20200731;-999;-999;-999;    3;   0.0;   0;-999;-999;  -999;  15.2;    -999;   20.4;   66.71;   28.1;   11.0;    9.4;eor
         78;20200801;-999;-999;-999;    3;   0.0;   0;-999;-999;  -999;  18.9;    -999;   21.8;   73.21;   28.3;   14.7;   12.3;eor
         78;20200802;-999;-999;-999;    3;   0.2;   4;-999;-999;  -999;  16.1;    -999;   18.4;   76.71;   24.9;   10.3;    6.5;eor
         78;20200803;-999;-999;-999;    3;   0.0;   0;-999;-999;  -999;  12.9;    -999;   14.9;   77.96;   20.9;    8.5;    5.4;eor
         78;20200804;-999;-999;-999;    3;   0.0;   0;-999;-999;  -999;  12.7;    -999;   15.3;   75.33;   22.4;    8.8;    5.8;eor
         78;20200805;-999;-999;-999;    3;   0.0;   0;-999;-999;  -999;  12.5;    -999;   19.6;   60.00;   28.4;   10.6;    8.7;eor
         78;20200806;-999;-999;-999;    3;   0.0;   0;-999;-999;  -999;  13.9;    -999;   21.9;   59.29;   31.4;   12.0;    9.3;eor
         78;20200807;-999;-999;-999;    3;   0.0;   0;-999;-999;  -999;  15.1;    -999;   22.9;   60.08;   32.4;   13.1;   10.6;eor
         78;20200808;-999;-999;-999;    3;   0.0;   0;-999;-999;  -999;  17.7;    -999;   25.4;   59.00;   33.5;   14.5;   11.9;eor
         78;20200809;-999;-999;-999;    3;   0.0;   0;-999;-999;  -999;  19.5;    -999;   24.6;   64.46;   31.3;   17.9;   15.7;eor
         78;20200810;-999;-999;-999;    3;   0.0;   0;-999;-999;  -999;  18.0;    -999;   24.5;   62.67;   32.4;   15.7;   13.8;eor
         78;20200811;-999;-999;-999;    3;   0.0;   0;-999;-999;  -999;  18.9;    -999;   25.3;   60.92;   33.0;   18.5;   15.2;eor
         78;20200812;-999;-999;-999;    3;   0.0;   0;-999;-999;  -999;  17.7;    -999;   25.9;   54.58;   33.1;   20.0;   18.1;eor
         78;20200813;-999;-999;-999;    3;   1.8;   4;-999;-999;  -999;  19.3;    -999;   24.5;   64.92;   32.0;   17.3;   15.0;eor
         78;20200814;-999;-999;-999;    3;  23.8;   4;-999;-999;  -999;  21.7;    -999;   21.5;   86.75;   30.1;   18.3;   17.6;eor
         78;20200815;-999;-999;-999;    3;  12.3;   4;-999;-999;  -999;  22.6;    -999;   20.5;   93.67;   24.3;   18.2;   17.5;eor
         78;20200816;-999;-999;-999;    3;   2.6;   4;-999;-999;  -999;  21.5;    -999;   23.0;   78.71;   29.2;   17.1;   16.0;eor
         78;20200817;-999;-999;-999;    3;   0.0;   0;-999;-999;  -999;  20.6;    -999;   20.8;   84.54;   24.0;   16.3;   15.4;eor
         78;20200818;-999;-999;-999;    3;   0.0;   0;-999;-999;  -999;  16.7;    -999;   18.9;   78.58;   24.6;   13.9;   12.6;eor
         78;20200819;-999;-999;-999;    3;   0.0;   0;-999;-999;  -999;  16.7;    -999;   19.6;   76.00;   26.1;   12.6;   11.2;eor
         78;20200820;-999;-999;-999;    3;   0.9;   4;-999;-999;  -999;  21.0;    -999;   22.8;   75.83;   28.0;   18.0;   17.6;eor
         78;20200821;-999;-999;-999;    3;   2.5;   4;-999;-999;  -999;  21.7;    -999;   22.9;   79.13;   28.9;   16.3;   14.8;eor
         78;20200822;-999;-999;-999;    3;   0.6;   4;-999;-999;  -999;  16.6;    -999;   18.7;   78.46;   24.5;   15.3;   13.6;eor
         78;20200823;-999;-999;-999;    3;   0.9;   4;-999;-999;  -999;  14.6;    -999;   16.9;   75.63;   20.8;   11.5;    9.7;eor
         78;20200824;-999;-999;-999;    3;   3.4;   4;-999;-999;  -999;  14.8;    -999;   15.3;   85.96;   19.2;   10.5;    8.6;eor
         78;20200825;-999;-999;-999;    3;   4.8;   4;-999;-999;  -999;  14.7;    -999;   15.2;   85.21;   19.3;    8.6;    6.6;eor
         78;20200826;-999;-999;-999;    3;   7.9;   4;-999;-999;  -999;  16.0;    -999;   15.7;   89.79;   17.9;   14.3;   13.5;eor
         78;20200827;-999;-999;-999;    3;   0.2;   4;-999;-999;  -999;  14.2;    -999;   15.4;   81.92;   19.5;   11.5;    9.6;eor
         78;20200828;-999;-999;-999;    3;   4.9;   4;-999;-999;  -999;  14.6;    -999;   16.3;   79.46;   20.9;   10.9;    9.3;eor
         78;20200829;-999;-999;-999;    3;   0.0;   4;-999;-999;  -999;  13.5;    -999;   14.7;   82.38;   20.0;    9.5;    7.5;eor
         78;20200830;-999;-999;-999;    3;   0.0;   0;-999;-999;  -999;  13.7;    -999;   15.3;   80.38;   21.5;    8.1;    6.1;eor
         78;20200831;-999;-999;-999;    3;   0.0;   0;-999;-999;  -999;  12.6;    -999;   15.4;   72.63;   19.3;   13.0;   11.1;eor
         78;20200901;-999;-999;-999;    3;   0.0;   0;-999;-999;  -999;  12.1;    -999;   14.6;   74.50;   20.4;    9.3;    6.5;eor
         78;20200902;-999;-999;-999;    3;   0.0;   0;-999;-999;  -999;  11.1;    -999;   13.3;   75.71;   20.6;    6.3;    3.9;eor
         78;20200903;-999;-999;-999;    3;  14.0;   4;-999;-999;  -999;  14.1;    -999;   13.0;   92.54;   17.0;    7.6;    5.4;eor
         78;20200904;-999;-999;-999;    1;   0.4;   4;-999;-999;  -999;  15.9;    -999;   16.7;   84.46;   21.9;   11.8;   10.6;eor
         78;20200905;-999;-999;-999;    1;   0.7;   4;-999;-999;  -999;  13.0;    -999;   14.1;   81.42;   18.4;   10.0;    8.0;eor
         78;20200906;-999;-999;-999;    1;   0.6;   4;-999;-999;  -999;  12.6;    -999;   12.9;   85.04;   18.2;    8.4;    6.1;eor
         78;20200907;-999;-999;-999;    1;   0.0;   0;-999;-999;  -999;  12.9;    -999;   13.5;   85.25;   20.0;    9.2;    7.0;eor
         78;20200908;-999;-999;-999;    1;   0.0;   0;-999;-999;  -999;  15.8;    -999;   15.7;   87.25;   18.5;   10.5;    8.3;eor
         78;20200909;-999;-999;-999;    1;   1.4;   4;-999;-999;  -999;  17.8;    -999;   17.3;   90.08;   20.6;   11.3;    9.4;eor
         78;20200910;-999;-999;-999;    1;   0.0;   4;-999;-999;  -999;  12.6;    -999;   12.9;   85.67;   17.9;    8.8;    6.9;eor
         78;20200911;-999;-999;-999;    1;   0.0;   0;-999;-999;  -999;  12.0;    -999;   13.2;   81.92;   20.4;    6.7;    3.9;eor
         78;20200912;-999;-999;-999;    1;   0.0;   0;-999;-999;  -999;  13.1;    -999;   13.5;   85.21;   19.0;    7.7;    4.9;eor
         78;20200913;-999;-999;-999;    1;   0.0;   0;-999;-999;  -999;  14.1;    -999;   15.3;   83.25;   23.1;    9.3;    6.9;eor
         78;20200914;-999;-999;-999;    1;   0.0;   0;-999;-999;  -999;  16.1;    -999;   18.0;   80.83;   28.5;    9.7;    7.3;eor
         78;20200915;-999;-999;-999;    1;   0.0;   0;-999;-999;  -999;  17.1;    -999;   20.3;   76.42;   30.6;   12.5;   10.5;eor
         78;20200916;-999;-999;-999;    1;   0.0;   0;-999;-999;  -999;  16.3;    -999;   17.7;   80.88;   23.6;   11.3;    8.1;eor
         78;20200917;-999;-999;-999;    1;   0.0;   0;-999;-999;  -999;  10.0;    -999;   12.5;   71.17;   18.0;    6.5;    3.1;eor
         78;20200918;-999;-999;-999;    1;   0.0;   0;-999;-999;  -999;   9.3;    -999;   11.8;   69.88;   19.7;    4.6;    0.8;eor
         78;20200919;-999;-999;-999;    1;   0.0;   0;-999;-999;  -999;   9.1;    -999;   12.9;   63.92;   21.7;    5.3;    1.5;eor
         78;20200920;-999;-999;-999;    1;   0.0;   0;-999;-999;  -999;  10.1;    -999;   13.6;   67.25;   22.3;    4.5;    0.6;eor
         78;20200921;-999;-999;-999;    1;   0.0;   0;-999;-999;  -999;  11.4;    -999;   14.2;   73.96;   24.0;    6.0;    3.3;eor
         78;20200922;-999;-999;-999;    1;   0.0;   0;-999;-999;  -999;  11.9;    -999;   14.6;   76.17;   24.5;    6.8;    4.1;eor
         78;20200923;-999;-999;-999;    1;   3.7;   4;-999;-999;  -999;  13.1;    -999;   15.5;   76.54;   23.5;    7.7;    5.3;eor
         78;20200924;-999;-999;-999;    1;   0.9;   4;-999;-999;  -999;  11.8;    -999;   14.6;   71.79;   18.9;    9.0;    7.6;eor
         78;20200925;-999;-999;-999;    1;   0.0;   4;-999;-999;  -999;  10.3;    -999;   11.2;   78.08;   14.6;    7.1;    4.7;eor
         78;20200926;-999;-999;-999;    1;  24.4;   4;-999;-999;  -999;  11.0;    -999;   10.5;   86.71;   13.4;    7.0;    4.9;eor
         78;20200927;-999;-999;-999;    1;   0.0;   4;-999;-999;  -999;  11.8;    -999;   11.1;   89.25;   14.1;    8.9;    8.9;eor
         78;20200928;-999;-999;-999;    1;   0.3;   4;-999;-999;  -999;  12.6;    -999;   11.5;   93.29;   13.4;    8.0;    5.9;eor
         78;20200929;-999;-999;-999;    1;   2.7;   4;-999;-999;  -999;  12.6;    -999;   11.0;   95.46;   13.9;    6.2;    4.7;eor
         78;20200930;-999;-999;-999;    1;   0.0;   4;-999;-999;  -999;  14.7;    -999;   13.7;   93.75;   18.6;   10.3;    8.9;eor
         78;20201001;-999;-999;-999;    1;   1.4;   4;-999;   0;  -999;  13.3;    -999;   12.9;   90.04;   18.4;    8.6;    6.4;eor
         78;20201002;-999;-999;-999;    1;   0.0;   0;-999;   0;  -999;  12.6;    -999;   12.7;   86.67;   18.1;    6.7;    5.1;eor
         78;20201003;-999;-999;-999;    1;   5.9;   4;-999;   0;  -999;  13.9;    -999;   13.5;   89.25;   17.4;    8.9;    6.8;eor
         78;20201004;-999;-999;-999;    1;   0.2;   4;-999;   0;  -999;  10.4;    -999;   11.6;   76.54;   14.9;    8.4;    5.5;eor
         78;20201005;-999;-999;-999;    1;   0.9;   4;-999;   0;  -999;  10.8;    -999;   11.6;   78.75;   14.0;   10.1;    8.2;eor
         78;20201006;-999;-999;-999;    1;   2.5;   4;-999;   0;  -999;  12.5;    -999;   12.2;   88.25;   14.8;   10.6;    8.7;eor
         78;20201007;-999;-999;-999;    1;   2.2;   4;-999;   0;  -999;  12.3;    -999;   12.1;   87.25;   15.2;    9.7;    7.7;eor
         78;20201008;-999;-999;-999;    1;  10.9;   4;-999;   0;  -999;  13.1;    -999;   12.1;   91.46;   15.0;    9.3;    7.5;eor
         78;20201009;-999;-999;-999;    1;   0.2;   4;-999;   0;  -999;  11.6;    -999;   11.1;   88.21;   14.3;    7.8;    5.4;eor
         78;20201010;-999;-999;-999;    1;  11.0;   4;-999;   0;  -999;   9.6;    -999;    8.4;   87.54;   10.9;    6.2;    4.1;eor
         78;20201011;-999;-999;-999;    1;   0.5;   4;-999;   0;  -999;   9.9;    -999;    7.9;   92.79;   11.3;    4.6;    3.2;eor
         78;20201012;-999;-999;-999;    1;   0.0;   0;-999;   0;  -999;  10.1;    -999;    8.3;   92.79;   13.5;    5.0;    2.9;eor
         78;20201013;-999;-999;-999;    1;   0.0;   0;-999;   0;  -999;   9.2;    -999;    7.9;   86.71;   13.9;    3.3;    0.7;eor
         78;20201014;-999;-999;-999;    1;   0.0;   4;-999;   0;  -999;   9.3;    -999;    8.6;   83.50;   10.0;    6.6;    4.3;eor
         78;20201015;-999;-999;-999;    1;   0.0;   0;-999;   0;  -999;   8.9;    -999;    8.6;   79.25;   11.7;    7.1;    4.8;eor
         78;20201016;-999;-999;-999;    1;   0.0;   0;-999;   0;  -999;   8.5;    -999;    8.0;   79.71;   11.2;    5.0;    2.9;eor
         78;20201017;-999;-999;-999;    1;   0.0;   0;-999;   0;  -999;   9.2;    -999;    7.7;   87.83;   12.5;    4.1;    1.6;eor
         78;20201018;-999;-999;-999;    1;   0.4;   4;-999;   0;  -999;   9.9;    -999;    7.7;   93.96;   11.8;    3.8;    1.1;eor
         78;20201019;-999;-999;-999;    1;   0.0;   0;-999;   0;  -999;  10.2;    -999;    8.4;   92.21;   11.2;    5.3;    2.4;eor
         78;20201020;-999;-999;-999;    1;   7.2;   4;-999;   0;  -999;  10.6;    -999;    9.5;   87.54;   13.1;    4.3;    1.8;eor
         78;20201021;-999;-999;-999;    1;   4.8;   4;-999;   0;  -999;  13.3;    -999;   14.8;   80.54;   19.3;   11.6;   11.1;eor
         78;20201022;-999;-999;-999;    1;   3.3;   4;-999;   0;  -999;  13.7;    -999;   14.6;   83.33;   18.3;   10.0;    7.3;eor
         78;20201023;-999;-999;-999;    1;   0.0;   4;-999;   0;  -999;  13.1;    -999;   11.5;   96.00;   14.7;    8.0;    6.0;eor
         78;20201024;-999;-999;-999;    1;   0.0;   4;-999;   0;  -999;  12.7;    -999;   12.9;   85.29;   14.6;   11.0;    9.3;eor
         78;20201025;-999;-999;-999;    1;   4.1;   4;-999;   0;  -999;  12.5;    -999;   12.9;   84.25;   15.0;    9.7;    7.5;eor
         78;20201026;-999;-999;-999;    1;   0.0;   4;-999;   0;  -999;  10.2;    -999;    9.9;   83.67;   11.5;    8.3;    6.0;eor
         78;20201027;-999;-999;-999;    1;   1.1;   4;-999;   0;  -999;   9.7;    -999;   10.5;   76.50;   12.7;    8.8;    7.3;eor
         78;20201028;-999;-999;-999;    1;   5.8;   4;-999;   0;  -999;  11.1;    -999;   10.7;   85.71;   14.0;    8.2;    7.5;eor
         78;20201029;-999;-999;-999;    1;   6.5;   4;-999;   0;  -999;  10.3;    -999;    9.7;   86.00;   11.7;    7.1;    5.5;eor
         78;20201030;-999;-999;-999;    1;   8.2;   4;-999;   0;  -999;  14.5;    -999;   13.1;   95.79;   13.9;   11.6;   11.1;eor
         78;20201031;-999;-999;-999;    1;   1.9;   4;-999;   0;  -999;  13.9;    -999;   13.0;   92.58;   14.4;   11.5;    9.7;eor
         78;20201101;-999;-999;-999;    1;   5.1;   4;-999;   0;  -999;  13.6;    -999;   13.8;   85.38;   17.2;   10.1;    8.0;eor
         78;20201102;-999;-999;-999;    1;   3.7;   4;-999;   0;  -999;  15.9;    -999;   16.4;   84.33;   19.5;   10.7;    8.5;eor
         78;20201103;-999;-999;-999;    1;   0.0;   4;-999;   0;  -999;   8.9;    -999;    9.7;   74.04;   12.1;    7.3;    4.7;eor
         78;20201104;-999;-999;-999;    1;   0.0;   0;-999;   0;  -999;   8.3;    -999;    6.4;   86.88;   11.1;    2.9;    0.7;eor
         78;20201105;-999;-999;-999;    1;   0.0;   0;-999;   0;  -999;   8.8;    -999;    6.5;   90.50;   10.4;    2.6;    0.8;eor
         78;20201106;-999;-999;-999;    1;   0.0;   0;-999;   0;  -999;   9.8;    -999;    8.0;   90.75;   11.6;    4.0;    0.2;eor
         78;20201107;-999;-999;-999;    1;   0.0;   0;-999;   0;  -999;   8.6;    -999;    6.5;   89.29;   14.4;    1.1;   -1.4;eor
         78;20201108;-999;-999;-999;    1;   0.0;   0;-999;   0;  -999;   8.9;    -999;    6.7;   91.29;   13.1;    2.6;    0.2;eor
         78;20201109;-999;-999;-999;    1;   0.0;   0;-999;   0;  -999;   9.0;    -999;    6.2;   95.08;    9.9;    3.9;    1.9;eor
         78;20201110;-999;-999;-999;    1;   0.0;   0;-999;   0;  -999;   8.7;    -999;    5.0;   99.88;    6.0;    4.1;    4.3;eor
         78;20201111;-999;-999;-999;    1;   0.0;   0;-999;   0;  -999;  11.2;    -999;    8.8;   98.50;   11.1;    5.9;    6.1;eor
         78;20201112;-999;-999;-999;    1;   5.4;   4;-999;   0;  -999;  10.2;    -999;    8.3;   92.88;   12.9;    4.1;    1.7;eor
         78;20201113;-999;-999;-999;    1;   0.4;   4;-999;   0;  -999;  10.1;    -999;    8.2;   91.42;   12.1;    2.3;    0.1;eor
         78;20201114;-999;-999;-999;    1;   0.2;   4;-999;   0;  -999;  12.4;    -999;   11.6;   91.17;   14.6;    8.4;    6.2;eor
         78;20201115;-999;-999;-999;    1;   2.5;   4;-999;   0;  -999;  11.6;    -999;   13.4;   75.83;   16.8;    8.4;    6.6;eor
